RUNNING THE L-BFGS-B CODE

it    = iteration number
nf    = number of function evaluations
nseg  = number of segments explored during the Cauchy search
nact  = number of active bounds at the generalized Cauchy point
sub   = manner in which the subspace minimization terminated:
        con = converged, bnd = a bound was reached
itls  = number of iterations performed in the line search
stepl = step length used
tstep = norm of the displacement (total step)
projg = norm of the projected gradient
f     = function value

           * * *

Machine precision = 2.220D-16
 N =         2660     M =           10

   it   nf  nseg  nact  sub  itls  stepl    tstep     projg        f
    0    1     -     -   -     -     -        -     4.986D-01  9.689D+00
    1    2     1     0  ---    0  4.0D-01  1.0D+00  4.080D-01  7.450D+00
    2    3     0     0  con    0  1.0D+00  4.8D+00  9.606D-02  3.481D+00
    3    4     0     0  con    0  1.0D+00  8.0D-01  6.552D-02  3.254D+00
    4    5     0     0  con    0  1.0D+00  3.8D+00  1.915D-01  2.829D+00
    5    6     0     0  con    0  1.0D+00  2.1D+00  4.419D-02  2.543D+00
    6    7     0     0  con    0  1.0D+00  1.7D+00  4.013D-02  2.405D+00
    7    8     0     0  con    0  1.0D+00  4.8D+00  7.003D-02  2.238D+00
    8    9     0     0  con    0  1.0D+00  2.6D+00  5.697D-02  2.057D+00
    9   10     0     0  con    0  1.0D+00  2.1D+00  4.499D-02  1.865D+00
   10   11     0     0  con    0  1.0D+00  2.1D+00  3.498D-02  1.709D+00
   11   12     0     0  con    0  1.0D+00  4.7D+00  4.198D-02  1.464D+00
   12   13     0     0  con    0  1.0D+00  4.5D+00  5.239D-02  1.259D+00
   13   14     0     0  con    0  1.0D+00  4.8D+00  2.602D-02  1.070D+00
   14   15     0     0  con    0  1.0D+00  6.9D+00  2.286D-02  9.472D-01
   15   16     0     0  con    0  1.0D+00  2.9D+00  3.203D-02  8.819D-01
   16   17     0     0  con    0  1.0D+00  2.0D+00  2.720D-02  8.020D-01
   17   18     0     0  con    0  1.0D+00  6.5D+00  2.720D-02  7.567D-01
   18   19     0     0  con    0  1.0D+00  1.3D+00  2.506D-02  6.781D-01
   19   20     0     0  con    0  1.0D+00  2.7D+00  1.238D-02  6.280D-01
   20   21     0     0  con    0  1.0D+00  2.7D+00  1.295D-02  5.931D-01
   21   23     0     0  con    1  3.2D-01  6.6D+00  1.808D-02  5.523D-01
   22   24     0     0  con    0  1.0D+00  4.8D+00  1.341D-02  5.164D-01
   23   25     0     0  con    0  1.0D+00  1.3D+00  1.064D-02  4.866D-01
   24   26     0     0  con    0  1.0D+00  1.2D+00  8.613D-03  4.555D-01
   25   27     0     0  con    0  1.0D+00  5.2D+00  9.978D-03  4.215D-01
   26   28     0     0  con    0  1.0D+00  1.4D+00  1.387D-02  4.064D-01
   27   29     0     0  con    0  1.0D+00  1.7D+00  8.629D-03  3.922D-01
   28   30     0     0  con    0  1.0D+00  3.3D+00  6.869D-03  3.740D-01
   29   31     0     0  con    0  1.0D+00  6.2D+00  5.156D-03  3.519D-01
   30   32     0     0  con    0  1.0D+00  1.3D+01  9.453D-03  3.258D-01
   31   33     0     0  con    0  1.0D+00  9.8D+00  1.342D-02  3.092D-01
   32   34     0     0  con    0  1.0D+00  1.4D+00  7.084D-03  3.001D-01
   33   35     0     0  con    0  1.0D+00  2.3D+00  8.077D-03  2.919D-01
   34   36     0     0  con    0  1.0D+00  2.6D+00  8.326D-03  2.860D-01
   35   37     0     0  con    0  1.0D+00  1.1D+00  7.640D-03  2.810D-01
   36   38     0     0  con    0  1.0D+00  8.7D+00  8.812D-03  2.669D-01
   37   39     0     0  con    0  1.0D+00  1.0D+01  6.129D-03  2.452D-01
   38   40     0     0  con    0  1.0D+00  3.0D+00  5.551D-03  2.377D-01
   39   41     0     0  con    0  1.0D+00  4.3D+00  5.359D-03  2.281D-01
   40   43     0     0  con    1  4.9D-01  2.1D+00  5.373D-03  2.218D-01
   41   44     0     0  con    0  1.0D+00  4.8D+00  6.173D-03  2.115D-01
   42   45     0     0  con    0  1.0D+00  3.8D+00  7.596D-03  2.032D-01
   43   46     0     0  con    0  1.0D+00  4.6D+00  3.969D-03  1.959D-01
   44   47     0     0  con    0  1.0D+00  1.4D+00  3.416D-03  1.932D-01
   45   48     0     0  con    0  1.0D+00  2.3D+00  2.953D-03  1.912D-01
   46   50     0     0  con    1  6.7D-02  1.8D+00  2.956D-03  1.901D-01
   47   51     0     0  con    0  1.0D+00  1.1D+00  2.679D-03  1.893D-01
   48   53     0     0  con    1  4.9D-01  4.4D+00  2.564D-03  1.871D-01
   49   54     0     0  con    0  1.0D+00  9.0D+00  2.763D-03  1.847D-01
   50   55     0     0  con    0  1.0D+00  2.0D+00  2.548D-03  1.833D-01
   51   56     0     0  con    0  1.0D+00  1.7D+00  2.084D-03  1.816D-01
   52   57     0     0  con    0  1.0D+00  2.1D+00  1.935D-03  1.792D-01
   53   58     0     0  con    0  1.0D+00  2.7D+00  3.212D-03  1.780D-01
   54   59     0     0  con    0  1.0D+00  2.4D+00  2.489D-03  1.769D-01
   55   60     0     0  con    0  1.0D+00  2.8D+00  2.358D-03  1.763D-01
   56   61     0     0  con    0  1.0D+00  1.7D+00  2.331D-03  1.758D-01
   57   62     0     0  con    0  1.0D+00  4.1D+00  3.195D-03  1.743D-01
   58   63     0     0  con    0  1.0D+00  7.5D+00  3.283D-03  1.714D-01
   59   64     0     0  con    0  1.0D+00  1.2D+01  2.549D-03  1.681D-01
   60   65     0     0  con    0  1.0D+00  1.5D+01  3.020D-03  1.649D-01
   61   68     0     0  con    2  1.4D-01  1.5D+01  6.612D-03  1.530D-01
   62   73     0     0  con    4  4.9D-03  7.4D-01  6.834D-03  1.529D-01
   63   74     0     0  con    0  1.0D+00  1.5D+00  6.290D-03  1.507D-01
   64   75     0     0  con    0  1.0D+00  4.1D+00  4.255D-03  1.473D-01
   65   76     0     0  con    0  1.0D+00  1.3D+00  3.503D-03  1.464D-01
   66   77     0     0  con    0  1.0D+00  4.4D-01  3.252D-03  1.457D-01
   67   78     0     0  con    0  1.0D+00  2.3D+00  2.052D-03  1.443D-01
   68   79     0     0  con    0  1.0D+00  8.8D-01  1.757D-03  1.437D-01
   69   80     0     0  con    0  1.0D+00  4.1D+00  2.031D-03  1.426D-01
   70   81     0     0  con    0  1.0D+00  3.4D+00  2.636D-03  1.420D-01
   71   82     0     0  con    0  1.0D+00  3.3D+00  3.198D-03  1.417D-01
   72   83     0     0  con    0  1.0D+00  1.5D-01  3.015D-03  1.415D-01
   73   84     0     0  con    0  1.0D+00  2.6D+00  3.399D-03  1.412D-01
   74   86     0     0  con    1  2.7D-01  1.5D-01  3.377D-03  1.411D-01
   75   87     0     0  con    0  1.0D+00  8.6D-02  2.604D-03  1.408D-01
   76   88     0     0  con    0  1.0D+00  2.9D+00  2.790D-03  1.399D-01
   77   89     0     0  con    0  1.0D+00  4.6D+00  2.147D-03  1.391D-01
   78   90     0     0  con    0  1.0D+00  7.4D+00  3.175D-03  1.385D-01
   79   91     0     0  con    0  1.0D+00  1.1D+00  2.733D-03  1.378D-01
   80   92     0     0  con    0  1.0D+00  7.1D+00  2.223D-03  1.366D-01
   81   96     0     0  con    3  5.8D-01  2.0D+01  3.263D-03  1.323D-01
   82   98     0     0  con    1  3.8D-01  2.8D+00  3.940D-03  1.317D-01
   83  100     0     0  con    1  3.6D-01  3.3D+00  3.494D-03  1.315D-01
   84  101     0     0  con    0  1.0D+00  4.1D-01  2.924D-03  1.308D-01
   85  102     0     0  con    0  1.0D+00  3.7D-01  2.873D-03  1.303D-01
   86  103     0     0  con    0  1.0D+00  2.2D+00  2.938D-03  1.299D-01
   87  105     0     0  con    1  5.2D-01  2.2D+00  3.213D-03  1.295D-01
   88  106     0     0  con    0  1.0D+00  8.2D-01  2.555D-03  1.292D-01
   89  107     0     0  con    0  1.0D+00  1.1D-01  2.044D-03  1.290D-01
   90  108     0     0  con    0  1.0D+00  5.3D-01  1.916D-03  1.288D-01
   91  109     0     0  con    0  1.0D+00  2.5D+00  2.003D-03  1.284D-01
   92  110     0     0  con    0  1.0D+00  5.9D+00  3.306D-03  1.276D-01
   93  112     0     0  con    1  4.0D-01  3.1D+00  3.570D-03  1.272D-01
   94  113     0     0  con    0  1.0D+00  7.2D+00  2.727D-03  1.258D-01
   95  120     0     0  con    6  1.2D+00  9.4D+00  3.064D-03        NaN
   96  135     0     0  con   14  2.4D+00  1.4D+01  2.467D-03        NaN
   97  139     0     0  con    3  8.8D-01  4.5D+00  2.661D-03        NaN
   98  145     0     0  con    5  3.3D+00  1.1D+01  2.127D-03        NaN
   99  154     0     0  con    8  2.8D+00  4.4D+00  2.940D-03        NaN
  100  160     0     0  con    5  3.4D+00  9.7D-01  2.484D-03        NaN
  101  166     0     0  con    5  4.3D+00  1.4D+01  1.633D-03        NaN
  102  184     0     0  con   17  1.5D+00  8.1D+00  2.346D-03        NaN
  103  189     0     0  con    4  8.0D-01  8.0D-01  2.176D-03        NaN
  104  194     0     0  con    4  8.7D-01  5.5D+00  2.084D-03        NaN
  105  198     0     0  con    3  8.0D-01  4.9D+00  2.111D-03        NaN
  106  204     0     0  con    5  2.8D+00  4.3D+00  1.832D-03        NaN
  107  210     0     0  con    5  2.6D+00  6.0D+00  2.210D-03        NaN
  108  215     0     0  con    4  4.9D+00  9.8D+00  1.829D-03        NaN
  109  233     0     0  con   17  1.6D+00  9.4D-01  2.908D-03        NaN
  110  251     0     0  con   17  1.4D+00  1.2D+01  2.461D-03        NaN
  111  257     0     0  con    5  1.8D+00  1.1D+01  1.570D-03        NaN
  112  266     0     0  con    8  2.2D+00  4.4D+00  1.567D-03        NaN
  113  274     0     0  con    7  5.4D-01  1.8D+00  1.563D-03        NaN
  114  279     0     0  con    4  7.5D-01  1.2D+00  1.767D-03        NaN
  115  285     0     0  con    5  9.7D-01  7.2D+00  1.769D-03        NaN
  116  291     0     0  con    5  2.8D+00  4.3D+00  2.212D-03        NaN
  117  318     1     0  ---    6  1.6D-01  3.1D-03  2.039D-03        NaN
  118  324     0     0  con    5  6.4D+00  1.1D-02  2.126D-03        NaN
  119  330     0     0  con    5  5.9D+00  2.6D-02  1.755D-03        NaN
  120  336     0     0  con    5  3.9D+00  5.3D-02  1.664D-03        NaN
  121  341     0     0  con    4  4.5D+00  5.1D-02  1.403D-03        NaN
  122  348     0     0  con    6  3.8D+00  5.4D-02  1.481D-03        NaN
  123  363     0     0  con   14  1.6D+00  7.1D-02  1.628D-03        NaN
  124  368     0     0  con    4  5.1D-01  1.2D-02  1.685D-03        NaN
  125  387     0     0  con   18  6.7D+00  8.2D-02  1.820D-03        NaN
  126  392     0     0  con    4  1.8D+00  4.3D-02  1.425D-03        NaN
  127  409     0     0  con   16  1.6D+00  5.8D-02  1.337D-03        NaN
  128  414     0     0  con    4  3.3D+00  2.3D-02  1.198D-03        NaN
  129  421     0     0  con    6  1.6D+01  1.2D-01  1.402D-03        NaN
  130  436     0     0  con   14  2.3D+00  1.6D-01  1.528D-03        NaN
  131  443     0     0  con    6  1.3D+00  5.1D-02  1.260D-03        NaN
  132  449     0     0  con    5  3.6D+00  1.5D-01  1.453D-03        NaN
  133  464     0     0  con   14  2.0D+00  8.9D-02  1.640D-03        NaN
  134  468     0     0  con    3  6.9D-01  1.3D-01  1.643D-03        NaN
  135  483     0     0  con   14  2.4D+00  1.4D-01  3.117D-03        NaN
  136  489     0     0  con    5  2.6D+00  6.3D-02  2.550D-03        NaN
  137  502     0     0  con   12  1.2D+01  5.2D-01  1.352D-03        NaN
  138  509     0     0  con    6  1.9D-01  4.7D-02  2.085D-03        NaN
  139  527     0     0  con   17  1.4D+00  2.9D-01  9.239D-04        NaN
  140  532     0     0  con    4  1.5D+00  3.8D-02  9.408D-04        NaN
  141  536     0     0  con    3  5.4D-01  4.5D-02  9.410D-04        NaN
  142  551     0     0  con   14  5.2D+00  6.2D-02  8.515D-04        NaN
  143  567     0     0  con   15  9.7D+00  3.3D-01  1.548D-03        NaN
  144  585     0     0  con   17  1.8D+00  2.0D-01  1.018D-03        NaN
  145  592     0     0  con    6  1.2D+00  3.4D-02  1.200D-03        NaN
  146  596     0     0  con    3  4.6D+00  8.5D-01  9.839D-04        NaN
  147  615     0     0  con   18  1.5D-01  5.1D-02  8.086D-04        NaN
  148  628     0     0  con   12  1.2D+00  1.9D-01  8.224D-04        NaN
  149  647     0     0  con   18  6.0D+00  7.7D-02  8.339D-04        NaN
  150  656     0     0  con    8  2.9D+00  1.7D-01  1.004D-03        NaN
  151  674     0     0  con   17  1.2D+00  7.0D-02  1.035D-03        NaN
  152  678     0     0  con    3  7.7D-01  4.9D-02  1.005D-03        NaN
  153  682     0     0  con    3  4.9D+00  1.7D-01  1.451D-03        NaN
  154  687     0     0  con    4  4.0D-01  7.1D-02  1.594D-03        NaN
  155  693     0     0  con    5  2.5D+00  3.5D-01  1.906D-03        NaN
  156  699     0     0  con    5  3.2D+00  1.5D-01  2.013D-03        NaN
  157  705     0     0  con    5  3.1D+00  2.6D-01  2.331D-03        NaN
  158  722     0     0  con   16  5.6D+00  4.8D-01  1.156D-03        NaN
  159  740     0     0  con   17  1.8D+00  4.3D-01  8.195D-04        NaN
  160  745     0     0  con    4  2.8D-01  9.1D-02  9.400D-04        NaN
  161  751     0     0  con    5  4.2D+00  9.6D-02  1.018D-03        NaN
  162  766     0     0  con   14  1.9D+00  2.8D-01  1.100D-03        NaN
  163  771     0     0  con    4  1.4D+00  6.1D-02  9.644D-04        NaN
  164  778     0     0  con    6  3.1D+00  9.8D-02  9.415D-04        NaN
  165  782     0     0  con    3  3.7D-01  1.2D-01  9.030D-04        NaN
  166  788     0     0  con    5  3.3D+00  2.4D-01  9.198D-04        NaN
  167  793     0     0  con    4  3.8D-01  1.5D-01  8.914D-04        NaN
  168  798     0     0  con    4  1.2D+00  2.5D-01  9.354D-04        NaN
  169  803     0     0  con    4  5.0D+00  1.1D-01  1.032D-03        NaN
  170  808     0     0  con    4  6.5D-01  1.1D-01  1.326D-03        NaN
  171  818     0     0  con    9  1.2D+00  9.2D-02  1.417D-03        NaN
  172  827     0     0  con    8  2.8D+00  1.2D-01  1.230D-03        NaN
  173  844     0     0  con   16  1.6D+00  5.4D-01  1.065D-03        NaN
  174  849     0     0  con    4  4.3D-01  1.4D-01  9.299D-04        NaN
  175  854     0     0  con    4  1.5D+00  1.4D-01  7.330D-04        NaN
  176  890     1     0  ---   15  1.6D+00  4.9D-03  7.286D-04        NaN
  177  897     0     0  con    6  4.8D+00  2.1D-02  7.917D-04        NaN
  178  901     0     0  con    3  9.2D-01  1.3D-02  8.507D-04        NaN
  179  907     0     0  con    5  1.6D+01  4.8D-02  9.247D-04        NaN
  180  925     0     0  con   17  6.4D+00  7.4D-02  7.689D-04        NaN
  181  940     0     0  con   14  2.0D+00  8.9D-02  1.153D-03        NaN
  182  945     0     0  con    4  3.7D+00  3.3D-02  6.556D-04        NaN
  183  954     0     0  con    8  2.4D+00  9.3D-02  8.639D-04        NaN
  184  959     0     0  con    4  4.5D-01  6.6D-02  7.636D-04        NaN
  185  974     0     0  con   14  2.0D+00  1.8D-01  1.106D-03        NaN
  186  979     0     0  con    4  3.0D+00  4.3D-01  3.991D-03        NaN
  187  984     0     0  con    4  2.6D-01  3.0D-01  5.209D-03        NaN
  188  989     0     0  con    4  4.5D-01  1.2D-01  4.249D-03        NaN
  189  996     0     0  con    6  1.6D+00  1.8D-01  2.785D-03        NaN
  190 1003     0     0  con    6  1.4D+00  1.6D-01  1.822D-03        NaN
  191 1007     0     0  con    3  1.1D+00  1.4D-01  2.039D-03        NaN
  192 1012     0     0  con    4  7.7D-01  5.8D-02  2.136D-03        NaN
  193 1027     0     0  con   14  2.3D+00  7.8D-02  1.813D-03        NaN
  194 1042     0     0  con   14  2.0D+00  1.0D-01  1.676D-03        NaN
  195 1046     0     0  con    3  8.8D-01  7.0D-02  1.526D-03        NaN
  196 1053     0     0  con    6  3.0D+00  2.8D-01  1.728D-03        NaN
  197 1071     0     0  con   17  1.4D+00  1.6D-01  1.564D-03        NaN
  198 1078     0     0  con    6  1.5D+00  7.1D-02  1.760D-03        NaN
  199 1084     0     0  con    5  1.7D+00  1.1D-01  1.933D-03        NaN
  200 1102     0     0  con   17  1.4D+00  1.5D-01  2.167D-03        NaN
  201 1106     0     0  con    3  4.8D+00  9.6D-02  1.564D-03        NaN
  202 1114     0     0  con    7  5.0D-01  2.8D-02  1.422D-03        NaN
  203 1118     0     0  con    3  7.4D-01  1.6D-02  1.334D-03        NaN
  204 1124     0     0  con    5  3.5D+00  1.0D-01  1.039D-03        NaN
  205 1134     0     0  con    9  2.7D-01  5.6D-02  1.268D-03        NaN
  206 1139     0     0  con    4  2.1D+00  1.5D-01  1.290D-03        NaN
  207 1155     0     0  con   15  7.7D+00  2.3D-01  1.186D-03        NaN
  208 1180     1     0  ---    4  7.5D-01  3.4D-03  1.169D-03        NaN
  209 1186     0     0  con    5  1.6D+01  4.5D-02  9.349D-04        NaN
  210 1203     0     0  con   16  3.4D-01  8.8D-03  9.195D-04        NaN
  211 1209     0     0  con    5  1.6D+01  2.1D-02  8.296D-04        NaN
  212 1216     0     0  con    6  1.6D+01  3.3D-01  2.249D-03        NaN
  213 1222     0     0  con    5  3.6D+00  5.3D-01  2.668D-03        NaN
  214 1227     0     0  con    4  3.6D-01  8.3D-02  2.403D-03        NaN
  215 1232     0     0  con    4  5.3D+00  6.9D-02  9.641D-04        NaN
  216 1238     0     0  con    5  3.3D+00  7.5D-01  1.148D-03        NaN
  217 1256     0     0  con   17  1.4D+00  2.0D-01  1.357D-03        NaN
  218 1271     0     0  con   14  2.3D+00  8.6D-02  8.093D-04        NaN
  219 1289     0     0  con   17  1.3D+00  6.9D-02  1.016D-03        NaN
  220 1293     0     0  con    3  1.1D+00  8.3D-02  1.264D-03        NaN
  221 1299     0     0  con    5  4.5D+00  8.6D-02  1.472D-03        NaN
  222 1304     0     0  con    4  7.8D-01  5.3D-02  1.161D-03        NaN
  223 1318     0     0  con   13  1.4D+00  8.5D-02  7.296D-04        NaN
  224 1324     0     0  con    5  2.6D+00  1.1D-01  5.881D-04        NaN
  225 1331     0     0  con    6  1.2D+00  1.9D-01  1.189D-03        NaN
  226 1343     0     0  con   11  2.8D+00  2.4D-01  1.302D-03        NaN
  227 1350     0     0  con    6  1.2D+00  1.8D-01  1.507D-03        NaN
  228 1369     0     0  con   18  5.6D+00  5.4D-01  1.620D-03        NaN
  229 1374     0     0  con    4  2.4D+00  6.5D-01  7.056D-04        NaN
  230 1380     0     0  con    5  3.9D+00  4.0D-01  7.978D-04        NaN
  231 1384     0     0  con    3  3.3D-01  3.5D-02  9.129D-04        NaN
  232 1389     0     0  con    4  2.3D+00  2.3D-01  8.969D-04        NaN
  233 1395     0     0  con    5  4.4D+00  1.0D-01  9.207D-04        NaN
  234 1413     0     0  con   17  1.3D+00  7.1D-02  9.396D-04        NaN
  235 1418     0     0  con    4  1.1D+00  3.9D-02  9.326D-04        NaN
  236 1424     0     0  con    5  2.8D+00  6.6D-02  8.778D-04        NaN
  237 1440     0     0  con   15  1.2D+00  8.7D-02  7.182D-04        NaN
  238 1446     0     0  con    5  3.2D+00  2.6D-01  6.976D-04        NaN
  239 1453     0     0  con    6  2.4D+00  5.8D-01  9.766D-04        NaN
  240 1457     0     0  con    3  7.6D-01  5.9D-01  1.040D-03        NaN
  241 1463     0     0  con    5  3.0D+00  3.2D-01  1.074D-03        NaN
  242 1468     0     0  con    4  7.2D-01  8.1D-02  1.049D-03        NaN
  243 1476     0     0  con    7  1.3D+00  1.0D-01  8.622D-04        NaN
  244 1494     0     0  con   17  1.2D+00  3.0D-01  8.077D-04        NaN
  245 1499     0     0  con    4  1.5D+00  1.2D-01  9.166D-04        NaN
  246 1518     0     0  con   18  5.7D+00  3.8D-01  1.376D-03        NaN
  247 1522     0     0  con    3  2.8D-01  1.1D-01  1.206D-03        NaN
  248 1534     0     0  con   11  2.4D+00  1.4D-01  6.961D-04        NaN
  249 1551     0     0  con   16  1.6D+00  4.4D-01  7.713D-04        NaN
  250 1560     0     0  con    8  2.6D+00  1.2D-01  7.905D-04        NaN
  251 1571     0     0  con   10  4.4D+00  1.1D-01  9.111D-04        NaN
  252 1581     0     0  con    9  2.2D+00  7.5D-01  1.205D-03        NaN
  253 1621     1     0  ---   19  1.0D+00  1.1D-02  1.105D-03        NaN
  254 1627     0     0  con    5  1.9D+00  1.1D-02  1.074D-03        NaN
  255 1633     0     0  con    5  3.0D+00  1.9D-02  8.576D-04        NaN
  256 1648     0     0  con   14  2.6D+00  2.2D-02  7.398D-04        NaN
  257 1664     0     0  con   15  8.1D+00  3.0D-02  7.018D-04        NaN
  258 1667     0     0  con    2  9.3D-01  3.4D-02  6.944D-04        NaN
  259 1681     0     0  con   13  1.6D+00  3.9D-02  8.927D-04        NaN
  260 1688     0     0  con    6  1.4D+01  1.0D-01  9.182D-04        NaN
  261 1694     0     0  con    5  2.9D+00  9.8D-02  4.640D-04        NaN
  262 1713     0     0  con   18  5.6D+00  1.6D-01  7.601D-04        NaN
  263 1731     0     0  con   17  1.2D+00  1.0D-01  5.947D-04        NaN
  264 1746     0     0  con   14  2.2D+00  7.0D-02  6.932D-04        NaN
  265 1750     0     0  con    3  5.0D+00  1.1D-01  6.613D-04        NaN
  266 1755     0     0  con    4  1.5D+00  6.4D-02  4.559D-04        NaN
  267 1761     0     0  con    5  3.5D+00  3.0D-02  5.591D-04        NaN
  268 1780     0     0  con   18  7.5D+00  1.4D-01  5.417D-04        NaN
  269 1790     0     0  con    9  1.0D+00  2.9D-02  5.833D-04        NaN
  270 1805     0     0  con   14  1.7D+00  8.5D-02  7.409D-04        NaN
  271 1810     0     0  con    4  2.6D+00  1.1D-01  6.519D-04        NaN
  272 1827     0     0  con   16  6.8D+00  7.8D-01  1.378D-03        NaN
  273 1842     0     0  con   14  1.7D+00  3.4D-01  1.281D-03        NaN
  274 1860     0     0  con   17  1.6D+00  3.2D-02  9.569D-04        NaN
  275 1866     0     0  con    5  3.1D+00  2.4D-01  5.690D-04        NaN
  276 1873     0     0  con    6  1.6D+00  9.6D-02  5.868D-04        NaN
  277 1878     0     0  con    4  1.7D+00  1.9D-02  6.042D-04        NaN
  278 1883     0     0  con    4  1.6D+00  6.2D-02  6.512D-04        NaN
  279 1888     0     0  con    4  4.5D+00  4.8D-01  7.138D-04        NaN
  280 1896     0     0  con    7  5.1D-01  2.1D-01  6.449D-04        NaN
  281 1901     0     0  con    4  3.9D-01  8.0D-02  6.177D-04        NaN
  282 1906     0     0  con    4  1.7D+00  2.4D-01  6.823D-04        NaN
  283 1924     0     0  con   17  1.6D+00  3.7D-01  5.981D-04        NaN
  284 1928     0     0  con    3  9.6D-01  1.7D-01  7.653D-04        NaN
  285 1933     0     0  con    4  1.8D+00  4.4D-01  6.128D-04        NaN
  286 1937     0     0  con    3  7.1D-01  9.0D-02  5.815D-04        NaN
  287 1940     0     0  con    2  9.3D-01  1.3D-01  6.572D-04        NaN
  288 1953     0     0  con   12  1.6D+00  1.9D-01  6.632D-04        NaN
  289 1957     0     0  con    3  8.3D-01  1.1D-01  7.018D-04        NaN
  290 1976     0     0  con   18  6.5D+00  2.5D-01  5.610D-04        NaN
  291 1983     0     0  con    6  1.6D+00  2.0D-01  4.727D-04        NaN
  292 1998     0     0  con   14  2.3D+00  2.5D-01  4.282D-04        NaN
  293 2022     1     0  ---    3  1.0D+00  2.8D-03  4.252D-04        NaN
  294 2038     0     0  con   15  9.8D+00  2.0D-02  3.978D-04        NaN
  295 2057     0     0  con   18  6.5D+00  5.0D-02  3.255D-04        NaN
  296 2062     0     0  con    4  2.7D+00  4.0D-02  2.975D-04        NaN
  297 2071     0     0  con    8  2.3D+00  5.7D-02  2.598D-04        NaN
  298 2077     0     0  con    5  2.4D+00  4.8D-02  2.649D-04        NaN
  299 2091     0     0  con   13  7.1D+00  3.3D-01  3.499D-04        NaN
  300 2095     0     0  con    3  9.6D-01  6.6D-02  3.442D-04        NaN
  301 2101     0     0  con    5  2.5D+00  7.6D-02  2.903D-04        NaN
  302 2110     0     0  con    8  2.4D+00  1.0D-01  3.441D-04        NaN
  303 2115     0     0  con    4  4.5D+00  5.2D-01  1.026D-03        NaN
  304 2120     0     0  con    4  4.1D-02  7.1D-02  1.081D-03        NaN
  305 2125     0     0  con    4  2.6D-01  3.5D-02  1.345D-03        NaN
  306 2137     0     0  con   11  1.5D+00  1.3D-01  7.205D-04        NaN
  307 2142     0     0  con    4  1.5D+00  6.1D-02  7.117D-04        NaN
  308 2147     0     0  con    4  3.1D+00  1.0D-01  9.105D-04        NaN
  309 2152     0     0  con    4  2.3D+00  5.3D-02  7.793D-04        NaN
  310 2158     0     0  con    5  2.4D+00  5.4D-02  4.117D-04        NaN
  311 2164     0     0  con    5  3.2D+00  7.2D-02  4.056D-04        NaN
  312 2179     0     0  con   14  2.4D+00  7.2D-02  2.434D-04        NaN
  313 2194     0     0  con   14  2.4D+00  5.8D-02  2.752D-04        NaN
  314 2204     0     0  con    9  2.1D+00  6.9D-02  3.291D-04        NaN
  315 2209     0     0  con    4  1.5D+00  4.6D-02  2.389D-04        NaN
  316 2215     0     0  con    5  5.8D+00  1.1D-01  2.452D-04        NaN
  317 2234     0     0  con   18  5.9D+00  3.3D-01  2.457D-04        NaN
  318 2249     0     0  con   14  1.8D+00  1.6D-01  2.331D-04        NaN
  319 2255     0     0  con    5  3.5D+00  4.4D-02  3.704D-04        NaN
  320 2260     0     0  con    4  1.9D+00  5.8D-02  3.469D-04        NaN
  321 2265     0     0  con    4  7.2D-01  2.5D-02  2.819D-04        NaN
  322 2284     0     0  con   18  7.2D+00  3.7D-02  3.796D-04        NaN
  323 2289     0     0  con    4  3.6D+00  1.2D-01  5.236D-04        NaN
  324 2305     0     0  con   15  8.8D+00  1.0D+00  5.821D-04        NaN
  325 2320     0     0  con   14  1.9D+00  1.0D+00  3.137D-04        NaN
  326 2332     0     0  con   11  1.9D+00  9.5D-01  4.119D-04        NaN
  327 2335     0     0  con    2  9.8D-01  4.4D-01  4.460D-04        NaN
  328 2340     0     0  con    4  2.1D+00  3.7D-01  4.982D-04        NaN
  329 2347     0     0  con    6  1.1D+01  1.9D-01  4.758D-04        NaN
  330 2351     0     0  con    3  6.9D-01  2.3D-01  4.538D-04        NaN
  331 2368     0     0  con   16  1.2D+00  5.7D-01  5.341D-04        NaN
  332 2386     0     0  con   17  1.4D+00  6.5D-02  4.254D-04        NaN
  333 2391     0     0  con    4  4.7D-01  1.1D-01  2.774D-04        NaN
  334 2404     0     0  con   12  1.3D+00  4.3D-01  2.306D-04        NaN
  335 2409     0     0  con    4  2.0D+00  8.2D-02  2.449D-04        NaN
  336 2414     0     0  con    4  3.4D+00  2.0D-01  2.398D-04        NaN
  337 2419     0     0  con    4  2.9D+00  2.6D-01  1.517D-04        NaN
  338 2430     0     0  con   10  2.1D+00  1.8D-01  1.315D-04        NaN
  339 2433     0     0  con    2  1.0D+00  1.8D-01  2.300D-04        NaN
  340 2437     0     0  con    3  5.8D-01  9.2D-02  2.384D-04        NaN
  341 2443     0     0  con    5  2.9D+00  3.4D-01  1.420D-04        NaN
  342 2447     0     0  con    3  7.9D-01  9.4D-02  1.845D-04        NaN
  343 2453     0     0  con    5  3.9D+00  1.1D-01  1.266D-04        NaN
  344 2458     0     0  con    4  1.5D+00  1.2D-01  8.776D-05        NaN
  345 2466     0     0  con    7  2.6D+00  3.2D-02  1.237D-04        NaN
  346 2476     0     0  con    9  2.3D+00  5.3D-02  8.758D-05        NaN
  347 2481     0     0  con    4  6.6D-01  3.8D-02  1.087D-04        NaN
  348 2487     0     0  con    5  2.5D+00  4.1D-02  9.752D-05        NaN
  349 2493     0     0  con    5  3.3D+00  1.0D-01  8.715D-05        NaN
  350 2508     0     0  con   14  1.7D+00  1.2D-01  1.240D-04        NaN
  351 2514     0     0  con    5  1.6D+00  8.0D-02  1.319D-04        NaN
  352 2519     0     0  con    4  1.5D+00  1.3D-01  1.732D-04        NaN
  353 2532     0     0  con   12  1.9D+00  3.7D-01  1.725D-04        NaN
  354 2537     0     0  con    4  5.5D-01  5.1D-02  2.465D-04        NaN
  355 2551     0     0  con   13  2.2D+00  3.9D-02  2.287D-04        NaN
  356 2557     0     0  con    5  3.4D+00  2.6D-01  1.050D-04        NaN
  357 2570     0     0  con   12  2.3D+00  3.0D-01  2.514D-04        NaN
  358 2575     0     0  con    4  3.0D+00  4.8D-01  1.741D-04        NaN
  359 2579     0     0  con    3  8.8D-01  3.4D-01  1.002D-04        NaN
  360 2587     0     0  con    7  2.3D+00  1.1D-01  1.005D-04        NaN
  361 2605     0     0  con   17  1.5D+00  9.8D-02  8.349D-05        NaN
  362 2620     0     0  con   14  2.3D+00  1.2D-01  1.473D-04        NaN
  363 2628     0     0  con    7  3.1D+00  4.7D-02  8.014D-05        NaN
  364 2634     0     0  con    5  3.7D+00  9.7D-02  1.059D-04        NaN
  365 2651     0     0  con   16  3.4D-01  2.3D-02  1.076D-04        NaN
  366 2655     0     0  con    3  4.5D+00  1.1D-01  8.317D-05        NaN
  367 2674     0     0  con   18  7.6D+00  2.7D-01  1.551D-04        NaN
  368 2690     0     0  con   15  3.2D-01  3.2D-01  2.096D-04        NaN
  369 2696     0     0  con    5  8.5D-01  3.3D-01  2.162D-04        NaN
  370 2711     0     0  con   14  2.2D+00  3.7D-01  1.816D-04        NaN
  371 2729     0     0  con   17  5.3D+00  1.8D-01  2.113D-04        NaN
  372 2744     0     0  con   14  5.6D+00  8.6D-01  2.580D-04        NaN
  373 2747     0     0  con    2  9.4D-01  4.7D-01  2.807D-04        NaN
  374 2759     0     0  con   11  1.7D-01  2.0D-01  2.737D-04        NaN
  375 2774     0     0  con   14  1.9D+00  1.3D-01  2.239D-04        NaN
  376 2779     0     0  con    4  1.5D+00  4.5D-02  2.249D-04        NaN
  377 2796     0     0  con   16  5.7D+00  3.7D-01  4.113D-04        NaN
  378 2811     0     0  con   14  2.0D+00  1.3D+00  4.555D-04        NaN
  379 2826     0     0  con   14  2.2D+00  4.3D-01  3.782D-04        NaN
  380 2832     0     0  con    5  2.8D+00  4.3D-01  3.584D-04        NaN
  381 2845     0     0  con   12  1.6D+00  2.2D-01  3.481D-04        NaN
  382 2851     0     0  con    5  2.1D+00  5.0D-01  3.026D-04        NaN
  383 2866     0     0  con   14  2.0D+00  7.9D-01  3.834D-04        NaN
  384 2871     0     0  con    4  2.2D+00  1.1D-01  3.765D-04        NaN
  385 2877     0     0  con    5  3.2D+00  4.9D-01  4.336D-04        NaN
  386 2881     0     0  con    3  5.8D-01  2.8D-01  4.851D-04        NaN
  387 2887     0     0  con    5  4.2D+00  6.2D-01  4.157D-04        NaN
  388 2902     0     0  con   14  1.8D-01  8.8D-02  4.687D-04        NaN
  389 2908     0     0  con    5  3.2D+00  2.6D-01  4.541D-04        NaN
  390 2914     0     0  con    5  7.6D+00  2.5D-01  2.500D-04        NaN
  391 2921     0     0  con    6  3.1D+00  8.0D+00  6.575D-04        NaN
  392 2933     0     0  con   11  1.7D-01  1.4D+00  7.344D-04        NaN
  393 2938     0     0  con    4  4.3D-01  1.6D+00  5.931D-04        NaN
  394 2942     0     0  con    3  3.8D-01  3.0D-01  6.709D-04        NaN
  395 2948     0     0  con    5  2.9D+00  5.9D-01  3.842D-04        NaN
  396 2954     0     0  con    5  2.5D+00  1.5D+00  2.991D-04        NaN
  397 2957     0     0  con    2  9.9D-01  8.2D-01  2.521D-04        NaN
  398 2962     0     0  con    4  2.4D+00  5.9D-01  2.118D-04        NaN
  399 2975     0     0  con   12  2.2D-01  1.4D-01  1.513D-04        NaN
  400 2979     0     0  con    3  7.2D-01  1.9D-01  1.395D-04        NaN
  401 2994     0     0  con   14  2.0D+00  1.7D-01  1.070D-04        NaN
  402 3010     0     0  con   15  1.5D+00  3.0D-01  1.657D-04        NaN
  403 3016     0     0  con    5  3.3D+00  2.5D-01  1.923D-04        NaN
  404 3022     0     0  con    5  3.0D+00  3.6D-01  1.079D-04        NaN
  405 3027     0     0  con    4  2.1D+00  1.3D-01  1.710D-04        NaN
  406 3046     0     0  con   18  5.9D+00  1.1D+00  1.478D-04        NaN
  407 3060     0     0  con   13  2.3D+00  1.2D+00  1.421D-04        NaN
  408 3065     0     0  con    4  1.2D+00  9.8D-02  1.666D-04        NaN
  409 3070     0     0  con    4  1.6D+00  5.6D-01  1.841D-04        NaN
  410 3076     0     0  con    5  2.6D+00  5.2D-02  1.262D-04        NaN
  411 3081     0     0  con    4  8.0D-01  1.6D-01  1.778D-04        NaN
  412 3098     0     0  con   16  5.4D+00  7.3D-01  1.962D-04        NaN
  413 3103     0     0  con    4  7.6D-01  4.7D-01  1.212D-04        NaN
  414 3108     0     0  con    4  1.7D+00  3.5D-01  1.770D-04        NaN
  415 3112     0     0  con    3  7.5D-01  4.5D-02  1.163D-04        NaN
  416 3127     0     0  con   14  7.4D+00  1.6D-01  1.430D-04        NaN
  417 3132     0     0  con    4  2.0D+00  8.5D-01  1.188D-04        NaN
  418 3148     0     0  con   15  1.8D+00  1.7D+00  9.557D-05        NaN
  419 3160     0     0  con   11  2.5D-01  2.1D-01  8.147D-05        NaN
  420 3166     0     0  con    5  2.7D+00  6.3D-02  7.703D-05        NaN
  421 3170     0     0  con    3  1.0D+00  1.6D-01  1.071D-04        NaN
  422 3180     0     0  con    9  1.2D+00  8.8D-02  1.119D-04        NaN
  423 3185     0     0  con    4  3.5D+00  4.2D-01  8.461D-05        NaN
  424 3196     0     0  con   10  2.3D+00  2.3D-01  1.548D-04        NaN
  425 3201     0     0  con    4  6.6D-01  6.6D-02  8.676D-05        NaN
  426 3207     0     0  con    5  9.4D-01  1.3D-01  9.189D-05        NaN
  427 3212     0     0  con    4  3.8D+00  4.4D-01  8.301D-05        NaN
  428 3217     0     0  con    4  4.5D+00  8.5D-02  8.690D-05        NaN
  429 3223     0     0  con    5  3.5D+00  4.6D-01  1.150D-04        NaN
  430 3229     0     0  con    5  2.4D+00  1.4D-01  1.285D-04        NaN
  431 3262     1     0  ---   12  1.5D+00  8.6D-04  1.330D-04        NaN
  432 3268     0     0  con    5  1.6D+01  8.2D-03  8.639D-05        NaN
  433 3274     0     0  con    5  3.5D+00  1.8D-02  1.175D-04        NaN
  434 3279     0     0  con    4  2.2D+00  2.5D-02  9.030D-05        NaN
  435 3290     0     0  con   10  2.3D+00  2.8D-02  9.147D-05        NaN
  436 3296     0     0  con    5  2.7D+00  3.1D-02  5.277D-05        NaN
  437 3302     0     0  con    5  9.9D+00  7.4D-02  9.671D-05        NaN
  438 3309     0     0  con    6  1.4D+00  9.6D-02  1.423D-04        NaN
  439 3322     0     0  con   12  1.3D+00  8.9D-02  7.596D-05        NaN
  440 3334     0     0  con   11  1.2D+01  2.0D-01  1.126D-04        NaN
  441 3349     0     0  con   14  2.4D+00  2.4D-01  1.029D-04        NaN
  442 3362     0     0  con   12  1.5D-01  6.0D-03  9.670D-05        NaN
  443 3367     0     0  con    4  2.5D+00  4.6D-02  9.000D-05        NaN
  444 3372     0     0  con    4  3.6D+00  2.3D-01  1.763D-04        NaN
  445 3377     0     0  con    4  6.2D-01  1.2D-01  1.456D-04        NaN
  446 3382     0     0  con    4  2.6D+00  8.3D-02  1.882D-04        NaN
  447 3397     0     0  con   14  5.0D+00  1.8D-01  2.181D-04        NaN
  448 3403     0     0  con    5  2.5D+00  2.3D-01  1.441D-04        NaN
  449 3408     0     0  con    4  2.9D+00  4.0D-01  1.617D-04        NaN
  450 3424     0     0  con   15  1.8D+00  1.6D-01  8.645D-05        NaN
  451 3429     0     0  con    4  4.4D+00  1.1D-01  8.529D-05        NaN
  452 3434     0     0  con    4  2.7D+00  6.1D-02  8.629D-05        NaN
  453 3447     0     0  con   12  1.5D+00  2.2D-02  7.050D-05        NaN
  454 3464     0     0  con   16  1.7D+00  1.9D-02  6.635D-05        NaN
  455 3469     0     0  con    4  4.1D+00  1.0D-01  1.265D-04        NaN
  456 3474     0     0  con    4  6.3D-01  3.8D-02  8.002D-05        NaN
  457 3479     0     0  con    4  1.6D+00  1.0D-01  6.455D-05        NaN
  458 3484     0     0  con    4  3.3D+00  4.9D-02  6.807D-05        NaN
  459 3489     0     0  con    4  2.3D+00  4.5D-02  5.369D-05        NaN
  460 3502     0     0  con   12  1.7D+00  3.5D-02  7.931D-05        NaN
  461 3507     0     0  con    4  4.3D+00  1.0D-01  1.097D-04        NaN
  462 3520     0     0  con   12  1.1D+00  5.5D-02  9.724D-05        NaN
  463 3526     0     0  con    5  6.4D+00  1.8D-01  7.634D-05        NaN
  464 3538     0     0  con   11  2.9D-01  6.6D-02  7.735D-05        NaN
  465 3549     0     0  con   10  1.5D+00  4.5D-02  7.855D-05        NaN
  466 3565     0     0  con   15  8.6D+00  3.4D-01  7.635D-05        NaN
  467 3569     0     0  con    3  7.1D-01  9.2D-02  7.696D-05        NaN
  468 3575     0     0  con    5  3.3D+00  7.4D-02  5.506D-05        NaN
  469 3588     0     0  con   12  1.5D+00  1.1D-01  4.897D-05        NaN
  470 3593     0     0  con    4  1.8D+00  4.5D-02  6.619D-05        NaN
  471 3610     0     0  con   16  5.8D+00  8.0D-02  7.024D-05        NaN
  472 3615     0     0  con    4  3.3D+00  1.4D-01  5.270D-05        NaN
  473 3620     0     0  con    4  2.8D+00  1.3D-01  5.102D-05        NaN
  474 3626     0     0  con    5  6.0D+00  3.0D-02  4.841D-05        NaN
  475 3631     0     0  con    4  3.3D+00  4.5D-02  6.075D-05        NaN
  476 3635     0     0  con    3  7.9D-01  4.2D-02  6.856D-05        NaN
  477 3641     0     0  con    5  8.0D+00  5.4D-02  5.131D-05        NaN
  478 3656     0     0  con   14  2.3D+00  1.2D-01  4.190D-05        NaN
  479 3660     0     0  con    3  5.0D-01  1.3D-02  4.269D-05        NaN
  480 3665     0     0  con    4  3.2D+00  1.5D-02  4.210D-05        NaN
  481 3676     0     0  con   10  1.8D+00  2.5D-02  5.314D-05        NaN
  482 3682     0     0  con    5  2.9D+00  5.8D-02  4.703D-05        NaN
  483 3695     0     0  con   12  1.6D+00  7.0D-02  3.199D-05        NaN
  484 3699     0     0  con    3  2.9D-01  3.3D-02  3.226D-05        NaN
  485 3713     0     0  con   13  5.0D+00  1.2D-02  4.355D-05        NaN
  486 3718     0     0  con    4  2.0D+00  4.3D-02  5.240D-05        NaN
  487 3722     0     0  con    3  4.0D-01  3.0D-02  5.241D-05        NaN
  488 3728     0     0  con    5  8.9D+00  3.8D-02  6.098D-05        NaN
  489 3734     0     0  con    5  4.0D+00  3.7D-01  5.031D-05        NaN
  490 3739     0     0  con    4  4.1D-01  1.4D-02  5.800D-05        NaN
  491 3752     0     0  con   12  2.0D+00  2.4D-02  6.016D-05        NaN
  492 3757     0     0  con    4  3.9D+00  3.0D-02  9.784D-05        NaN
  493 3762     0     0  con    4  4.0D+00  1.1D-01  4.043D-05        NaN
  494 3771     0     0  con    8  3.2D-01  6.5D-02  3.853D-05        NaN
  495 3783     0     0  con   11  3.4D-01  2.2D-02  3.813D-05        NaN
  496 3788     0     0  con    4  5.1D+00  3.8D-02  5.134D-05        NaN
  497 3793     0     0  con    4  2.1D+00  1.1D-01  5.963D-05        NaN
  498 3801     0     0  con    7  1.0D+00  3.6D-02  6.767D-05        NaN
  499 3807     0     0  con    5  6.5D+00  8.3D-02  8.339D-05        NaN
  500 3825     0     0  con   17  1.8D+00  1.1D-01  6.408D-05        NaN
  501 3833     0     0  con    7  5.2D+00  2.5D-01  1.416D-04        NaN
  502 3838     0     0  con    4  6.8D-01  1.7D-01  1.577D-04        NaN
  503 3849     0     0  con   10  1.6D+00  1.6D-01  1.119D-04        NaN
  504 3854     0     0  con    4  1.9D+00  1.6D-01  1.079D-04        NaN
  505 3859     0     0  con    4  1.7D+00  2.2D-01  5.798D-05        NaN
  506 3871     0     0  con   11  1.7D-01  1.7D-02  5.710D-05        NaN
  507 3877     0     0  con    5  3.2D+00  1.6D-02  6.670D-05        NaN
  508 3882     0     0  con    4  2.5D+00  7.2D-02  9.653D-05        NaN
  509 3887     0     0  con    4  6.8D-01  3.8D-02  1.045D-04        NaN
  510 3892     0     0  con    4  2.0D+01  2.4D-01  8.423D-05        NaN
  511 3897     0     0  con    4  2.0D+00  9.8D-02  6.074D-05        NaN
  512 3903     0     0  con    5  3.1D+00  1.0D-01  5.198D-05        NaN
  513 3909     0     0  con    5  5.6D+00  7.2D-02  4.256D-05        NaN
  514 3919     0     0  con    9  1.5D+00  8.2D-02  5.250D-05        NaN
  515 3930     0     0  con   10  2.0D+00  1.0D-01  5.151D-05        NaN
  516 3935     0     0  con    4  2.4D+00  9.4D-02  8.036D-05        NaN
  517 3939     0     0  con    3  2.4D-01  4.8D-02  7.743D-05        NaN
  518 3945     0     0  con    5  2.9D+00  7.9D-02  5.686D-05        NaN
  519 3956     0     0  con   10  1.1D+00  4.8D-02  5.335D-05        NaN
  520 3960     0     0  con    3  5.5D-01  3.1D-02  6.628D-05        NaN
  521 3972     0     0  con   11  8.4D+00  2.4D-01  1.169D-04        NaN
  522 3978     0     0  con    5  3.7D+00  4.8D-01  1.018D-04        NaN
  523 3983     0     0  con    4  1.3D-01  2.1D-02  9.676D-05        NaN
  524 3987     0     0  con    3  4.6D+00  5.3D-02  1.386D-04        NaN
  525 3993     0     0  con    5  1.8D+01  5.8D-01  1.039D-04        NaN
  526 4006     0     0  con   12  1.3D+00  2.1D-01  6.719D-05        NaN
  527 4014     0     0  con    7  2.0D+00  3.3D-01  8.576D-05        NaN
  528 4019     0     0  con    4  4.8D-01  1.5D-01  8.487D-05        NaN
  529 4024     0     0  con    4  1.2D+00  1.4D-01  9.696D-05        NaN
  530 4034     0     0  con    9  2.2D+00  1.9D-01  9.896D-05        NaN
  531 4045     0     0  con   10  2.1D+00  1.8D-01  8.344D-05        NaN
  532 4051     0     0  con    5  3.9D+00  4.0D-01  5.142D-05        NaN
  533 4055     0     0  con    3  4.7D+00  1.1D-01  4.961D-05        NaN
  534 4059     0     0  con    3  1.0D+00  4.1D-02  4.676D-05        NaN
  535 4068     0     0  con    8  2.8D-01  5.0D-02  5.868D-05        NaN
  536 4073     0     0  con    4  2.0D+00  9.0D-02  4.479D-05        NaN
  537 4079     0     0  con    5  1.3D+01  1.6D-01  9.872D-05        NaN
  538 4084     0     0  con    4  8.0D-01  1.1D-01  7.612D-05        NaN
  539 4087     0     0  con    2  9.3D-01  1.1D-01  6.720D-05        NaN
  540 4092     0     0  con    4  2.7D+00  2.8D-01  9.525D-05        NaN
  541 4097     0     0  con    4  3.6D+00  9.3D-02  6.059D-05        NaN
  542 4101     0     0  con    3  8.4D-01  7.9D-02  5.165D-05        NaN
  543 4106     0     0  con    4  1.3D+00  6.5D-02  6.926D-05        NaN
  544 4123     0     0  con   16  5.6D+00  1.0D-01  5.279D-05        NaN
  545 4130     0     0  con    6  2.3D+00  2.0D-01  7.505D-05        NaN
  546 4140     0     0  con    9  2.6D-01  1.2D-01  8.535D-05        NaN
  547 4146     0     0  con    5  3.6D+00  1.4D-01  8.744D-05        NaN
  548 4164     0     0  con   17  1.4D+00  3.5D-01  8.152D-05        NaN
  549 4169     0     0  con    4  3.6D+00  2.5D-01  8.879D-05        NaN
  550 4178     0     0  con    8  2.9D-01  7.0D-02  9.193D-05        NaN
  551 4193     0     0  con   14  2.1D+00  4.1D-01  8.143D-05        NaN
  552 4199     0     0  con    5  4.1D+00  1.1D-01  1.175D-04        NaN
  553 4212     0     0  con   12  1.1D+00  1.6D-01  1.305D-04        NaN
  554 4223     0     0  con   10  1.4D+00  4.4D-01  1.648D-04        NaN
  555 4231     0     0  con    7  5.6D+00  2.3D-01  8.826D-05        NaN
  556 4235     0     0  con    3  4.9D+00  6.3D-01  9.860D-05        NaN
  557 4240     0     0  con    4  1.2D+00  3.5D-01  1.111D-04        NaN
  558 4244     0     0  con    3  6.2D-01  2.3D-01  1.117D-04        NaN
  559 4263     0     0  con   18  6.6D+00  4.8D-01  1.400D-04        NaN
  560 4276     0     0  con   12  1.8D+00  6.7D-01  1.497D-04        NaN
  561 4279     0     0  con    2  9.6D-01  1.3D-01  1.479D-04        NaN
  562 4292     0     0  con   12  1.9D+00  3.6D-01  2.018D-04        NaN
  563 4311     0     0  con   18  5.9D+00  8.4D-01  1.419D-04        NaN
  564 4316     0     0  con    4  3.8D-01  1.5D-01  1.385D-04        NaN
  565 4321     0     0  con    4  5.3D-01  1.5D-01  1.122D-04        NaN
  566 4356     1     0  ---   14  2.0D+00  9.0D-04  1.052D-04        NaN
  567 4362     0     0  con    5  1.1D+01  5.4D-03  8.586D-05        NaN
  568 4373     0     0  con   10  2.0D+00  5.3D-03  5.737D-05        NaN
  569 4379     0     0  con    5  1.3D+01  1.6D-02  8.684D-05        NaN
  570 4392     0     0  con   12  1.5D+00  1.2D-02  7.180D-05        NaN
  571 4397     0     0  con    4  4.6D+00  3.0D-02  1.362D-04        NaN
  572 4403     0     0  con    5  3.2D+00  5.4D-02  5.825D-05        NaN
  573 4410     0     0  con    6  1.1D+01  1.1D-01  1.306D-04        NaN
  574 4415     0     0  con    4  1.6D+00  3.8D-02  9.141D-05        NaN
  575 4424     0     0  con    8  1.2D+01  3.5D-02  1.055D-04        NaN
  576 4440     0     0  con   15  1.1D+01  1.4D-01  1.496D-04        NaN
  577 4456     0     0  con   15  1.3D+00  3.2D-02  6.935D-05        NaN
  578 4472     0     0  con   15  1.0D+01  6.7D-02  6.348D-05        NaN
  579 4476     0     0  con    3  2.7D-01  2.1D-02  4.578D-05        NaN
  580 4482     0     0  con    5  2.6D+00  2.8D-02  3.871D-05        NaN
  581 4493     0     0  con   10  2.0D+00  8.7D-02  5.025D-05        NaN
  582 4497     0     0  con    3  5.9D-01  1.4D-02  5.643D-05        NaN
  583 4502     0     0  con    4  7.2D-01  8.1D-03  5.209D-05        NaN
  584 4518     0     0  con   15  1.0D+01  3.1D-02  5.413D-05        NaN
  585 4524     0     0  con    5  3.8D+00  1.2D-01  3.443D-05        NaN
  586 4530     0     0  con    5  3.3D+00  1.0D-01  4.791D-05        NaN
  587 4534     0     0  con    3  8.2D-01  2.2D-02  5.522D-05        NaN
  588 4540     0     0  con    5  3.7D+00  1.2D-01  9.309D-05        NaN
  589 4555     0     0  con   14  2.3D+00  2.2D-02  5.081D-05        NaN
  590 4560     0     0  con    4  2.2D+00  2.4D-02  6.986D-05        NaN
  591 4571     0     0  con   10  1.0D+00  1.4D-02  8.179D-05        NaN
  592 4576     0     0  con    4  5.3D+00  3.9D-02  7.851D-05        NaN
  593 4580     0     0  con    3  8.6D-01  6.3D-02  7.204D-05        NaN
  594 4586     0     0  con    5  3.3D+00  2.5D-01  9.653D-05        NaN
  595 4591     0     0  con    4  1.2D+00  4.3D-02  8.225D-05        NaN
  596 4597     0     0  con    5  3.9D+00  7.6D-02  5.433D-05        NaN
  597 4603     0     0  con    5  3.2D+00  7.9D-02  3.542D-05        NaN
  598 4612     0     0  con    8  2.8D-01  6.7D-03  5.442D-05        NaN
  599 4617     0     0  con    4  2.6D+00  5.1D-02  6.450D-05        NaN
  600 4621     0     0  con    3  9.6D-01  2.0D-02  5.597D-05        NaN
  601 4634     0     0  con   12  1.1D+00  2.0D-02  4.031D-05        NaN
  602 4639     0     0  con    4  2.1D+00  1.3D-02  5.318D-05        NaN
  603 4651     0     0  con   11  9.5D+00  2.3D-02  6.055D-05        NaN
  604 4657     0     0  con    5  3.9D+00  8.2D-02  4.606D-05        NaN
  605 4663     0     0  con    5  2.7D+00  4.4D-02  2.251D-05        NaN
  606 4668     0     0  con    4  4.0D+00  1.0D-01  3.210D-05        NaN
  607 4673     0     0  con    4  1.4D+00  2.0D-02  2.902D-05        NaN
  608 4679     0     0  con    5  3.0D+00  2.9D-02  4.004D-05        NaN
  609 4684     0     0  con    4  1.4D+00  4.1D-02  4.627D-05        NaN
  610 4690     0     0  con    5  2.6D+00  6.1D-02  2.259D-05        NaN
  611 4695     0     0  con    4  3.1D+00  4.3D-02  1.787D-05        NaN
  612 4701     0     0  con    5  3.0D+00  1.2D-01  3.773D-05        NaN
  613 4705     0     0  con    3  4.7D-01  4.1D-02  2.833D-05        NaN
  614 4712     0     0  con    6  1.3D+01  4.6D-02  3.990D-05        NaN
  615 4717     0     0  con    4  2.9D+00  3.8D-02  4.274D-05        NaN
  616 4723     0     0  con    5  1.4D+01  7.9D-02  3.188D-05        NaN
  617 4727     0     0  con    3  7.3D-01  8.1D-02  3.456D-05        NaN
  618 4732     0     0  con    4  2.7D+00  1.3D-01  5.822D-05        NaN
  619 4738     0     0  con    5  2.8D+00  8.2D-02  5.250D-05        NaN
  620 4743     0     0  con    4  2.4D+00  7.0D-02  8.862D-05        NaN
  621 4749     0     0  con    5  2.9D+00  7.6D-02  6.561D-05        NaN
  622 4755     0     0  con    5  3.5D+00  5.2D-02  7.418D-05        NaN
  623 4773     0     0  con   17  1.8D+00  3.7D-02  5.818D-05        NaN
  624 4780     0     0  con    6  3.7D-01  3.0D-02  6.721D-05        NaN
  625 4785     0     0  con    4  2.7D+00  7.9D-02  4.287D-05        NaN
  626 4796     0     0  con   10  1.7D+00  8.3D-02  6.468D-05        NaN
  627 4801     0     0  con    4  1.8D+00  1.0D-01  5.934D-05        NaN
  628 4806     0     0  con    4  4.2D+00  1.4D-01  7.069D-05        NaN
  629 4816     0     0  con    9  1.3D+00  8.9D-02  4.854D-05        NaN
  630 4827     0     0  con   10  7.2D+00  3.9D-02  4.079D-05        NaN
  631 4832     0     0  con    4  1.6D+00  4.1D-02  3.243D-05        NaN
  632 4846     0     0  con   13  1.6D+00  5.1D-02  3.469D-05        NaN
  633 4852     0     0  con    5  2.6D+00  6.7D-02  2.697D-05        NaN
  634 4857     0     0  con    4  2.4D+00  3.2D-02  3.683D-05        NaN
  635 4868     0     0  con   10  1.2D+00  3.3D-02  3.852D-05        NaN
  636 4873     0     0  con    4  7.9D-01  2.6D-02  3.194D-05        NaN
  637 4890     0     0  con   16  5.5D+00  1.2D-02  5.505D-05        NaN
  638 4895     0     0  con    4  4.4D+00  2.4D-01  4.383D-05        NaN
  639 4900     0     0  con    4  2.1D+00  2.9D-01  3.570D-05        NaN
  640 4910     0     0  con    9  2.2D-01  4.9D-02  4.306D-05        NaN
  641 4915     0     0  con    4  2.7D+00  1.2D-01  4.036D-05        NaN
  642 4921     0     0  con    5  6.4D+00  3.8D-02  2.778D-05        NaN
  643 4926     0     0  con    4  4.5D-01  3.9D-02  4.737D-05        NaN
  644 4936     0     0  con    9  2.3D+00  3.9D-02  4.555D-05        NaN
  645 4941     0     0  con    4  1.8D+00  9.5D-02  4.883D-05        NaN
  646 4946     0     0  con    4  2.6D+00  7.0D-02  5.080D-05        NaN
  647 4953     0     0  con    6  1.2D+01  1.5D-01  5.865D-05        NaN
  648 4958     0     0  con    4  1.5D+00  4.1D-01  4.458D-05        NaN
  649 4964     0     0  con    5  3.5D+00  2.2D-01  3.700D-05        NaN
  650 4969     0     0  con    4  3.4D+00  2.9D-01  5.117D-05        NaN
  651 4975     0     0  con    5  2.6D+00  1.1D-01  2.793D-05        NaN
  652 4980     0     0  con    4  3.3D+00  1.2D-01  3.339D-05        NaN
  653 4985     0     0  con    4  1.7D+00  4.3D-02  4.500D-05        NaN
  654 5001     0     0  con   15  9.5D+00  5.0D-02  3.526D-05        NaN
  655 5005     0     0  con    3  2.0D-01  2.3D-02  3.611D-05        NaN
  656 5016     0     0  con   10  2.1D+00  1.3D-01  3.976D-05        NaN
  657 5022     0     0  con    5  2.6D+00  3.4D-02  4.127D-05        NaN
  658 5027     0     0  con    4  1.3D+00  6.8D-02  3.663D-05        NaN
  659 5037     0     0  con    9  1.9D+00  4.0D-02  3.159D-05        NaN
  660 5043     0     0  con    5  2.4D+00  1.9D-02  2.198D-05        NaN
  661 5051     0     0  con    7  7.0D+00  5.1D-02  4.336D-05        NaN
  662 5055     0     0  con    3  2.3D-01  1.5D-02  3.988D-05        NaN
  663 5069     0     0  con   13  7.6D+00  4.3D-02  2.370D-05        NaN
  664 5082     0     0  con   12  1.4D+00  1.3D-01  2.743D-05        NaN
  665 5100     0     0  con   17  7.4D+00  7.3D-02  3.660D-05        NaN
  666 5104     0     0  con    3  5.8D-02  1.3D-02  3.346D-05        NaN
  667 5115     0     0  con   10  1.9D+00  5.4D-02  4.477D-05        NaN
  668 5119     0     0  con    3  5.5D-01  8.0D-02  5.830D-05        NaN
  669 5125     0     0  con    5  8.7D+00  9.0D-02  6.458D-05        NaN
  670 5142     0     0  con   16  1.2D+00  1.1D-01  6.352D-05        NaN
  671 5156     0     0  con   13  1.7D+00  5.8D-02  6.047D-05        NaN
  672 5161     0     0  con    4  1.6D+00  1.3D-01  6.214D-05        NaN
  673 5166     0     0  con    4  7.8D-01  3.0D-02  7.465D-05        NaN
  674 5181     0     0  con   14  1.0D+01  7.6D-02  6.693D-05        NaN
  675 5200     0     0  con   18  7.3D+00  7.3D-01  7.123D-05        NaN
  676 5204     0     0  con    3  9.8D-01  2.9D-01  6.127D-05        NaN
  677 5209     0     0  con    4  1.1D+00  1.8D-01  7.064D-05        NaN
  678 5219     0     0  con    9  2.8D-01  2.6D-02  6.762D-05        NaN
  679 5230     0     0  con   10  5.7D+00  2.0D-01  6.701D-05        NaN
  680 5235     0     0  con    4  1.7D+00  2.2D-01  9.050D-05        NaN
  681 5248     0     0  con   12  1.5D+00  8.8D-02  7.285D-05        NaN
  682 5262     0     0  con   13  5.7D+00  4.3D-01  6.811D-05        NaN
  683 5279     0     0  con   16  1.4D+00  3.5D-01  9.696D-05        NaN
  684 5283     0     0  con    3  1.1D+00  1.3D-01  4.436D-05        NaN
  685 5287     0     0  con    3  5.3D-01  5.5D-02  4.592D-05        NaN
  686 5293     0     0  con    5  5.7D+00  3.4D-02  4.592D-05        NaN
  687 5305     0     0  con   11  3.9D+00  1.7D-01  5.393D-05        NaN
  688 5324     0     0  con   18  5.9D+00  5.3D-01  6.629D-05        NaN
  689 5329     0     0  con    4  3.7D-01  8.7D-02  6.661D-05        NaN
  690 5344     0     0  con   14  2.4D+00  5.4D-01  7.739D-05        NaN
  691 5349     0     0  con    4  6.9D-01  3.0D-02  5.624D-05        NaN
  692 5359     0     0  con    9  1.8D+00  3.9D-02  1.027D-04        NaN
  693 5363     0     0  con    3  4.6D+00  6.6D-02  5.832D-05        NaN
  694 5375     0     0  con   11  8.6D+00  2.4D-01  6.552D-05        NaN
  695 5380     0     0  con    4  4.0D-01  2.7D-01  7.841D-05        NaN
  696 5384     0     0  con    3  7.4D-01  3.3D-01  6.780D-05        NaN
  697 5397     0     0  con   12  1.6D+00  1.1D-01  4.794D-05        NaN
  698 5401     0     0  con    3  4.6D+00  3.6D-01  4.487D-05        NaN
  699 5415     0     0  con   13  1.3D+00  2.3D-02  3.824D-05        NaN
  700 5421     0     0  con    5  9.6D+00  2.1D-01  4.138D-05        NaN
  701 5431     0     0  con    9  2.0D+00  1.5D-01  5.033D-05        NaN
  702 5436     0     0  con    4  2.2D+00  9.6D-02  3.999D-05        NaN
  703 5440     0     0  con    3  3.6D-01  4.6D-02  3.999D-05        NaN
  704 5449     0     0  con    8  3.9D+00  1.6D-01  3.593D-05        NaN
  705 5461     0     0  con   11  7.9D-01  2.6D-01  4.523D-05        NaN
  706 5467     0     0  con    5  2.4D+00  1.3D-01  5.684D-05        NaN
  707 5471     0     0  con    3  3.0D-01  8.2D-02  7.741D-05        NaN
  708 5483     0     0  con   11  9.5D+00  1.6D-01  9.961D-05        NaN
  709 5489     0     0  con    5  2.4D+00  2.9D-01  7.179D-05        NaN
  710 5495     0     0  con    5  2.9D+00  2.0D-01  4.240D-05        NaN
  711 5500     0     0  con    4  8.8D-01  1.8D-01  3.486D-05        NaN
  712 5513     0     0  con   12  1.2D+00  9.0D-02  3.092D-05        NaN
  713 5520     0     0  con    6  4.6D+00  5.2D-02  4.504D-05        NaN
  714 5534     0     0  con   13  1.4D+00  8.1D-02  3.624D-05        NaN
  715 5545     0     0  con   10  5.2D+00  2.4D-01  3.128D-05        NaN
  716 5561     0     0  con   15  1.1D+00  1.6D-01  3.034D-05        NaN
  717 5571     0     0  con    9  1.5D+00  5.1D-02  3.092D-05        NaN
  718 5575     0     0  con    3  1.8D-01  4.7D-02  3.837D-05        NaN
  719 5581     0     0  con    5  8.8D+00  2.2D-01  5.037D-05        NaN
  720 5585     0     0  con    3  2.7D-01  5.2D-02  6.066D-05        NaN
  721 5592     0     0  con    6  4.6D+00  2.9D-01  4.499D-05        NaN
  722 5596     0     0  con    3  9.1D-01  1.6D-01  4.432D-05        NaN
  723 5602     0     0  con    5  7.6D-01  6.2D-02  7.632D-05        NaN
  724 5608     0     0  con    5  2.9D+00  1.3D-01  6.191D-05        NaN
  725 5619     0     0  con   10  6.5D+00  5.8D-01  7.301D-05        NaN
  726 5622     0     0  con    2  9.3D-01  5.4D-02  6.440D-05        NaN
  727 5627     0     0  con    4  1.6D+00  1.2D-01  6.648D-05        NaN
  728 5646     0     0  con   18  6.6D+00  1.4D-01  7.283D-05        NaN
  729 5649     0     0  con    2  9.1D-01  2.7D-01  9.122D-05        NaN
  730 5655     0     0  con    5  3.1D+00  2.5D-01  4.576D-05        NaN
  731 5660     0     0  con    4  1.6D+00  1.8D-01  5.442D-05        NaN
  732 5664     0     0  con    3  4.3D-01  6.6D-02  6.725D-05        NaN
  733 5675     0     0  con   10  1.8D+00  3.0D-01  5.577D-05        NaN
  734 5680     0     0  con    4  1.7D+00  5.4D-02  4.634D-05        NaN
  735 5685     0     0  con    4  4.5D+00  1.9D-02  5.344D-05        NaN
  736 5691     0     0  con    5  3.9D+00  2.0D-01  8.920D-05        NaN
  737 5707     0     0  con   15  3.0D-01  5.1D-02  4.447D-05        NaN
  738 5713     0     0  con    5  3.8D+00  2.8D-01  7.686D-05        NaN
  739 5719     0     0  con    5  7.2D+00  3.0D-01  4.829D-05        NaN
  740 5723     0     0  con    3  6.6D-01  3.3D-01  5.402D-05        NaN
  741 5728     0     0  con    4  5.6D-01  3.4D-02  4.889D-05        NaN
  742 5740     0     0  con   11  8.2D+00  2.6D-01  6.021D-05        NaN
  743 5746     0     0  con    5  1.9D+00  3.4D-02  8.311D-05        NaN
  744 5756     0     0  con    9  4.1D+00  3.6D-02  5.300D-05        NaN
  745 5766     0     0  con    9  1.1D+00  8.5D-02  5.621D-05        NaN
  746 5773     0     0  con    6  1.2D+01  1.2D-01  6.703D-05        NaN
  747 5784     0     0  con   10  1.2D+00  1.5D-01  1.128D-04        NaN
  748 5790     0     0  con    5  2.1D-01  4.7D-02  8.374D-05        NaN
  749 5799     0     0  con    8  3.0D+00  1.4D-01  8.643D-05        NaN
  750 5814     0     0  con   14  2.3D+00  1.2D-01  8.410D-05        NaN
  751 5819     0     0  con    4  1.6D+00  5.2D-02  8.427D-05        NaN
  752 5835     0     0  con   15  9.4D+00  3.6D-01  1.076D-04        NaN
  753 5840     0     0  con    4  8.3D-01  3.0D-01  9.135D-05        NaN
  754 5847     0     0  con    6  1.7D+00  9.0D-01  8.512D-05        NaN
  755 5863     0     0  con   15  1.5D+00  2.6D-01  8.381D-05        NaN
  756 5869     0     0  con    5  3.1D+00  9.3D-02  9.339D-05        NaN
  757 5874     0     0  con    4  7.7D-01  1.6D-01  6.391D-05        NaN
  758 5879     0     0  con    4  3.1D+00  2.5D-01  9.957D-05        NaN
  759 5885     0     0  con    5  2.7D+00  3.1D-01  7.347D-05        NaN
  760 5890     0     0  con    4  3.6D+00  1.4D-01  5.173D-05        NaN
  761 5895     0     0  con    4  1.9D+00  1.0D-01  3.554D-05        NaN
  762 5899     0     0  con    3  2.5D-01  2.8D-02  6.055D-05        NaN
  763 5913     0     0  con   13  9.0D+00  6.2D-02  5.144D-05        NaN
  764 5926     0     0  con   12  1.8D+00  2.5D-01  3.954D-05        NaN
  765 5940     0     0  con   13  1.4D+00  1.2D-01  6.114D-05        NaN
  766 5946     0     0  con    5  2.8D+00  8.5D-02  3.955D-05        NaN
  767 5950     0     0  con    3  1.9D-01  8.3D-02  4.018D-05        NaN
  768 5956     0     0  con    5  8.0D-01  1.5D-02  3.676D-05        NaN
  769 5964     0     0  con    7  3.2D+00  1.7D-02  4.072D-05        NaN
  770 5969     0     0  con    4  2.5D+00  1.0D-01  4.145D-05        NaN
  771 5975     0     0  con    5  2.6D+00  1.8D-01  6.892D-05        NaN
  772 5981     0     0  con    5  8.9D+00  1.3D-01  5.946D-05        NaN
  773 5986     0     0  con    4  4.4D-01  3.7D-02  5.594D-05        NaN
  774 5996     0     0  con    9  1.9D+00  3.3D-01  7.338D-05        NaN
  775 6012     0     0  con   15  9.5D+00  5.7D-01  6.685D-05        NaN
  776 6015     0     0  con    2  9.3D-01  1.6D-01  8.162D-05        NaN
  777 6025     0     0  con    9  1.5D+00  1.3D-01  6.390D-05        NaN
  778 6035     0     0  con    9  1.8D+00  1.2D-01  4.952D-05        NaN
  779 6040     0     0  con    4  8.5D-01  1.5D-01  7.220D-05        NaN
  780 6046     0     0  con    5  3.0D+00  1.5D-01  7.370D-05        NaN
  781 6051     0     0  con    4  1.6D+00  1.3D-01  4.034D-05        NaN
  782 6064     0     0  con   12  1.9D+00  5.8D-02  5.772D-05        NaN
  783 6083     0     0  con   18  6.1D+00  9.1D-02  7.505D-05        NaN
  784 6096     0     0  con   12  1.9D+00  3.7D-01  5.906D-05        NaN
  785 6101     0     0  con    4  4.1D-01  1.9D-01  4.218D-05        NaN
  786 6107     0     0  con    5  2.7D+00  8.7D-02  4.715D-05        NaN
  787 6112     0     0  con    4  3.7D+00  6.8D-02  3.656D-05        NaN
  788 6118     0     0  con    5  3.4D+00  3.0D-01  8.560D-05        NaN
  789 6123     0     0  con    4  1.6D+00  8.1D-02  5.440D-05        NaN
  790 6128     0     0  con    4  7.7D-01  3.3D-02  6.508D-05        NaN
  791 6133     0     0  con    4  3.1D+00  1.1D-01  6.785D-05        NaN
  792 6138     0     0  con    4  4.6D+00  3.8D-01  1.266D-04        NaN
  793 6141     0     0  con    2  9.4D-01  7.2D-02  1.083D-04        NaN
  794 6159     0     0  con   17  1.8D+00  9.2D-02  9.464D-05        NaN
  795 6164     0     0  con    4  2.6D+00  7.0D-01  8.824D-05        NaN
  796 6168     0     0  con    3  9.3D-01  5.0D-01  1.076D-04        NaN
  797 6186     0     0  con   17  1.4D+00  3.8D-01  1.118D-04        NaN
  798 6199     0     0  con   12  1.9D+00  5.3D-01  1.198D-04        NaN
  799 6205     0     0  con    5  2.4D+00  4.2D-01  1.348D-04        NaN
  800 6222     0     0  con   16  7.4D+00  3.6D-01  1.064D-04        NaN
  801 6227     0     0  con    4  3.8D-01  4.0D-01  7.223D-05        NaN
  802 6245     0     0  con   17  1.8D+00  5.7D-01  1.049D-04        NaN
  803 6250     0     0  con    4  3.9D-01  4.3D-01  9.079D-05        NaN
  804 6256     0     0  con    5  2.9D+00  4.7D-01  1.331D-04        NaN
  805 6262     0     0  con    5  3.4D+00  6.3D-01  1.099D-04        NaN
  806 6272     0     0  con    9  1.5D+00  3.7D-01  9.737D-05        NaN
  807 6277     0     0  con    4  5.7D-01  2.2D-01  1.141D-04        NaN
  808 6282     0     0  con    4  2.9D+00  1.9D-01  9.169D-05        NaN
  809 6290     0     0  con    7  1.3D+00  7.9D-02  1.099D-04        NaN
  810 6301     0     0  con   10  2.1D+00  2.4D-01  8.780D-05        NaN
  811 6318     0     0  con   16  5.6D+00  6.6D-01  6.073D-05        NaN
  812 6335     0     0  con   16  1.2D+00  7.3D-01  5.533D-05        NaN
  813 6339     0     0  con    3  5.6D-01  4.2D-01  5.382D-05        NaN
  814 6353     0     0  con   13  1.3D+00  2.8D-01  6.648D-05        NaN
  815 6358     0     0  con    4  7.7D-01  2.2D-01  6.349D-05        NaN
  816 6375     0     0  con   16  5.3D+00  4.5D-01  4.325D-05        NaN
  817 6390     0     0  con   14  2.4D+00  4.0D-02  4.949D-05        NaN
  818 6405     0     0  con   14  8.2D+00  2.7D-01  3.945D-05        NaN
  819 6410     0     0  con    4  2.0D+00  1.3D-01  4.675D-05        NaN
  820 6415     0     0  con    4  7.4D-01  6.8D-02  4.756D-05        NaN
  821 6420     0     0  con    4  6.3D-01  1.9D-01  4.038D-05        NaN
  822 6426     0     0  con    5  4.1D+00  1.3D-01  4.839D-05        NaN
  823 6445     0     0  con   18  7.2D+00  5.2D-01  8.456D-05        NaN
  824 6450     0     0  con    4  1.2D+00  3.7D-01  5.497D-05        NaN
  825 6464     0     0  con   13  1.3D+00  1.1D-01  5.522D-05        NaN
  826 6468     0     0  con    3  5.2D-01  1.4D-01  5.758D-05        NaN
  827 6482     0     0  con   13  8.4D+00  5.5D-02  9.552D-05        NaN
  828 6488     0     0  con    5  2.5D+00  4.0D-01  8.887D-05        NaN
  829 6491     0     0  con    2  9.9D-01  4.6D-02  8.418D-05        NaN
  830 6508     0     0  con   16  5.9D+00  1.4D+00  9.872D-05        NaN
  831 6525     0     0  con   16  1.5D+00  6.5D-01  1.555D-04        NaN
  832 6531     0     0  con    5  3.7D+00  6.0D-01  1.592D-04        NaN
  833 6535     0     0  con    3  7.4D-01  3.4D-01  2.130D-04        NaN
  834 6542     0     0  con    6  2.9D+00  4.5D-01  1.870D-04        NaN
  835 6556     0     0  con   13  1.3D+00  6.5D-01  1.578D-04        NaN
  836 6571     0     0  con   14  2.5D+00  4.8D-01  1.529D-04        NaN
  837 6575     0     0  con    3  7.9D-01  2.8D-01  1.217D-04        NaN
  838 6589     0     0  con   13  1.7D+00  3.1D-01  1.476D-04        NaN
  839 6595     0     0  con    5  2.7D+00  3.6D-01  1.693D-04        NaN
  840 6600     0     0  con    4  4.9D+00  1.1D-01  1.576D-04        NaN
  841 6605     0     0  con    4  2.9D+00  6.8D-01  1.397D-04        NaN
  842 6611     0     0  con    5  2.5D+00  6.2D-01  7.910D-05        NaN
  843 6616     0     0  con    4  5.7D-01  2.1D-01  9.857D-05        NaN
  844 6619     0     0  con    2  9.8D-01  1.2D-01  4.598D-05        NaN
  845 6632     0     0  con   12  3.2D-01  2.0D-01  5.102D-05        NaN
  846 6650     0     0  con   17  5.1D+00  4.8D-01  9.802D-05        NaN
  847 6667     0     0  con   16  1.3D+00  6.5D-01  5.099D-05        NaN
  848 6672     0     0  con    4  7.2D-01  2.2D-01  4.055D-05        NaN
  849 6681     0     0  con    8  2.9D+00  1.0D-01  6.933D-05        NaN
  850 6695     0     0  con   13  2.3D+00  4.8D-02  5.595D-05        NaN
  851 6713     0     0  con   17  1.6D+00  1.2D-01  6.122D-05        NaN
  852 6718     0     0  con    4  4.6D+00  2.9D-01  8.746D-05        NaN
  853 6723     0     0  con    4  2.1D+00  3.0D-01  4.670D-05        NaN
  854 6726     0     0  con    2  9.4D-01  2.3D-01  7.064D-05        NaN
  855 6732     0     0  con    5  2.7D+00  3.2D-01  6.845D-05        NaN
  856 6737     0     0  con    4  5.1D-01  1.3D-01  6.766D-05        NaN
  857 6742     0     0  con    4  1.6D+00  3.4D-01  6.358D-05        NaN
  858 6758     0     0  con   15  9.0D+00  1.4D-01  5.619D-05        NaN
  859 6763     0     0  con    4  2.1D-01  1.6D-01  6.557D-05        NaN
  860 6768     0     0  con    4  2.9D+00  1.7D-01  4.425D-05        NaN
  861 6772     0     0  con    3  8.5D-01  9.6D-02  5.524D-05        NaN
  862 6783     0     0  con   10  1.1D+00  4.0D-01  4.597D-05        NaN
  863 6794     0     0  con   10  6.5D+00  2.0D-01  4.033D-05        NaN
  864 6799     0     0  con    4  2.0D+00  2.9D-01  6.601D-05        NaN
  865 6804     0     0  con    4  3.4D+00  1.4D-01  6.730D-05        NaN
  866 6810     0     0  con    5  2.6D+00  6.8D-01  6.798D-05        NaN
  867 6815     0     0  con    4  4.4D-01  2.2D-01  6.172D-05        NaN
  868 6831     0     0  con   15  1.2D+00  3.3D-01  5.002D-05        NaN
  869 6843     0     0  con   11  3.4D+01  2.8D-01  5.933D-05        NaN
  870 6848     0     0  con    4  6.2D-01  3.9D-01  4.578D-05        NaN
  871 6859     0     0  con   10  2.1D+00  2.4D-01  6.095D-05        NaN
  872 6869     0     0  con    9  6.5D+00  1.5D-01  5.603D-05        NaN
  873 6873     0     0  con    3  1.7D-01  6.7D-02  6.477D-05        NaN
  874 6887     0     0  con   13  2.3D+00  2.0D-01  5.841D-05        NaN
  875 6900     0     0  con   12  1.7D+00  4.1D-02  6.538D-05        NaN
  876 6906     0     0  con    5  3.7D+00  4.2D-01  4.587D-05        NaN
  877 6912     0     0  con    5  1.8D+00  1.7D-01  3.857D-05        NaN
  878 6918     0     0  con    5  2.4D+00  1.9D-01  3.418D-05        NaN
  879 6923     0     0  con    4  1.3D+00  1.5D-01  3.821D-05        NaN
  880 6929     0     0  con    5  4.2D+00  3.3D-01  3.374D-05        NaN
  881 6935     0     0  con    5  2.4D+00  1.2D-01  6.554D-05        NaN
  882 6940     0     0  con    4  2.4D+00  4.8D-02  5.445D-05        NaN
  883 6945     0     0  con    4  2.9D+00  4.5D-01  6.531D-05        NaN
  884 6959     0     0  con   13  1.3D+00  2.4D-01  6.152D-05        NaN
  885 6964     0     0  con    4  1.5D+00  2.2D-01  1.005D-04        NaN
  886 6971     0     0  con    6  1.5D+01  9.3D-01  5.844D-05        NaN
  887 6981     0     0  con    9  1.4D+00  4.0D-01  9.629D-05        NaN
  888 6996     0     0  con   14  2.4D+00  1.1D-01  7.677D-05        NaN
  889 7001     0     0  con    4  2.1D+00  1.9D-01  7.064D-05        NaN
  890 7005     0     0  con    3  7.0D-01  1.7D-01  5.915D-05        NaN
  891 7011     0     0  con    5  4.1D+00  2.0D-01  7.733D-05        NaN
  892 7016     0     0  con    4  4.5D+00  6.7D-01  1.282D-04        NaN
  893 7029     0     0  con   12  1.3D+00  5.9D-01  7.817D-05        NaN
  894 7039     0     0  con    9  3.1D-01  2.6D-01  7.631D-05        NaN
  895 7045     0     0  con    5  3.8D+00  2.5D-01  7.621D-05        NaN
  896 7051     0     0  con    5  6.0D+00  5.0D-01  8.367D-05        NaN
  897 7055     0     0  con    3  1.9D-01  1.3D-01  8.708D-05        NaN
  898 7060     0     0  con    4  3.8D+00  1.7D-01  7.906D-05        NaN
  899 7065     0     0  con    4  2.0D+00  5.8D-01  7.146D-05        NaN
  900 7077     0     0  con   11  9.0D+00  7.5D-01  7.105D-05        NaN
  901 7081     0     0  con    3  7.3D-01  3.1D-01  5.812D-05        NaN
  902 7099     0     0  con   17  1.5D+00  5.2D-01  6.894D-05        NaN
  903 7103     0     0  con    3  5.9D-01  3.2D-01  6.372D-05        NaN
  904 7109     0     0  con    5  4.2D+00  5.1D-01  6.533D-05        NaN
  905 7114     0     0  con    4  3.4D-01  2.3D-01  7.475D-05        NaN
  906 7127     0     0  con   12  1.2D+00  4.8D-01  4.495D-05        NaN
  907 7133     0     0  con    5  7.8D+00  1.4D-01  5.217D-05        NaN
  908 7138     0     0  con    4  7.0D-01  2.0D-01  5.435D-05        NaN
  909 7151     0     0  con   12  1.5D+00  4.9D-01  4.639D-05        NaN
  910 7156     0     0  con    4  4.9D+00  3.2D-01  5.946D-05        NaN
  911 7172     0     0  con   15  1.2D+00  1.1D-01  5.689D-05        NaN
  912 7176     0     0  con    3  6.6D-01  5.6D-02  6.059D-05        NaN
  913 7182     0     0  con    5  3.2D+00  1.8D-01  8.093D-05        NaN
  914 7188     0     0  con    5  6.3D+00  6.2D-01  1.108D-04        NaN
  915 7192     0     0  con    3  9.3D-01  1.8D-01  7.818D-05        NaN
  916 7196     0     0  con    3  4.5D+00  8.0D-01  1.420D-04        NaN
  917 7201     0     0  con    4  5.8D-01  3.9D-01  1.638D-04        NaN
  918 7206     0     0  con    4  3.9D+00  1.0D+00  1.347D-04        NaN
  919 7211     0     0  con    4  1.3D+00  1.4D+00  9.494D-05        NaN
  920 7221     0     0  con    9  1.3D+00  4.9D-01  1.305D-04        NaN
  921 7239     0     0  con   17  6.6D+00  1.9D+00  1.187D-04        NaN
  922 7249     0     0  con    9  4.0D+00  9.4D-01  1.458D-04        NaN
  923 7253     0     0  con    3  4.8D-01  2.9D-01  1.250D-04        NaN
  924 7267     0     0  con   13  1.1D+00  5.0D-01  1.098D-04        NaN
  925 7274     0     0  con    6  7.4D+00  3.2D-01  9.993D-05        NaN
  926 7280     0     0  con    5  2.7D+00  1.5D+00  1.305D-04        NaN
  927 7285     0     0  con    4  2.4D+00  8.9D-01  8.143D-05        NaN
  928 7295     0     0  con    9  2.1D-01  2.3D-01  1.136D-04        NaN
  929 7313     0     0  con   17  1.4D+00  1.4D+00  1.312D-04        NaN
  930 7331     0     0  con   17  1.3D+00  3.8D-01  1.603D-04        NaN
  931 7336     0     0  con    4  7.4D-01  6.9D-01  2.108D-04        NaN
  932 7340     0     0  con    3  4.5D+00  1.8D+00  1.530D-04        NaN
  933 7345     0     0  con    4  1.9D+00  2.7D-01  2.021D-04        NaN
  934 7359     0     0  con   13  4.0D-01  1.3D+00  2.016D-04        NaN
  935 7373     0     0  con   13  4.3D-01  9.7D-01  2.041D-04        NaN
  936 7377     0     0  con    3  1.0D+00  1.2D-01  1.783D-04        NaN
  937 7381     0     0  con    3  4.6D+00  2.4D+00  2.722D-04        NaN
  938 7385     0     0  con    3  8.7D-01  1.9D+00  2.743D-04        NaN
  939 7389     0     0  con    3  8.7D-01  1.4D+00  3.282D-04        NaN
  940 7393     0     0  con    3  2.9D-01  3.8D-01  1.581D-04        NaN
  941 7411     0     0  con   17  1.7D+00  3.3D-01  2.237D-04        NaN
  942 7416     0     0  con    4  5.0D+00  4.5D-01  1.374D-04        NaN
  943 7426     0     0  con    9  3.5D+00  7.6D-01  1.579D-04        NaN
  944 7431     0     0  con    4  1.1D+00  5.2D-01  1.962D-04        NaN
  945 7447     0     0  con   15  1.3D+00  3.9D-01  1.523D-04        NaN
  946 7452     0     0  con    4  2.6D-01  4.4D-01  1.114D-04        NaN
  947 7470     0     0  con   17  1.4D+00  2.0D-01  1.057D-04        NaN
  948 7475     0     0  con    4  3.9D-01  1.2D-01  1.153D-04        NaN
  949 7480     0     0  con    4  2.7D+00  1.5D-01  1.243D-04        NaN
  950 7486     0     0  con    5  3.0D+00  3.1D-01  7.097D-05        NaN
  951 7490     0     0  con    3  5.4D-01  4.1D-02  8.145D-05        NaN
  952 7495     0     0  con    4  2.5D+00  3.6D-01  7.097D-05        NaN
  953 7501     0     0  con    5  3.2D+00  4.9D-01  9.340D-05        NaN
  954 7507     0     0  con    5  3.2D+00  7.2D-01  6.904D-05        NaN
  955 7513     0     0  con    5  2.5D+00  1.1D+00  1.044D-04        NaN
  956 7531     0     0  con   17  1.3D+00  1.2D+00  1.065D-04        NaN
  957 7536     0     0  con    4  3.2D+00  2.6D-01  1.154D-04        NaN
  958 7555     0     0  con   18  5.9D+00  2.7D+00  8.018D-05        NaN
  959 7560     0     0  con    4  4.9D-01  1.2D+00  9.580D-05        NaN
  960 7565     0     0  con    4  1.2D+00  4.7D-01  5.951D-05        NaN
  961 7580     0     0  con   14  2.1D+00  9.6D-01  5.968D-05        NaN
  962 7585     0     0  con    4  3.8D+00  7.2D-01  4.613D-05        NaN
  963 7598     0     0  con   12  1.5D+00  5.7D-01  5.231D-05        NaN
  964 7603     0     0  con    4  4.8D-01  1.1D-01  5.383D-05        NaN
  965 7614     0     0  con   10  7.9D+00  3.7D-02  5.263D-05        NaN
  966 7619     0     0  con    4  2.0D+00  5.7D-01  3.555D-05        NaN
  967 7634     0     0  con   14  2.0D+00  1.1D-01  4.533D-05        NaN
  968 7639     0     0  con    4  4.3D+00  1.1D-01  7.454D-05        NaN
  969 7644     0     0  con    4  2.8D+00  1.0D-01  4.717D-05        NaN
  970 7649     0     0  con    4  1.7D+00  1.4D-01  4.495D-05        NaN
  971 7663     0     0  con   13  1.4D+00  2.5D-01  5.329D-05        NaN
  972 7670     0     0  con    6  4.7D+00  4.3D-02  5.086D-05        NaN
  973 7675     0     0  con    4  3.7D+00  7.5D-01  4.471D-05        NaN
  974 7691     0     0  con   15  1.3D+00  1.3D+00  7.158D-05        NaN
  975 7696     0     0  con    4  1.4D+00  4.8D-01  9.556D-05        NaN
  976 7701     0     0  con    4  1.4D+00  2.0D-01  1.027D-04        NaN
  977 7706     0     0  con    4  4.9D+00  5.5D-01  7.018D-05        NaN
  978 7711     0     0  con    4  2.5D+00  5.4D-01  5.408D-05        NaN
  979 7716     0     0  con    4  2.3D+00  1.7D-01  6.804D-05        NaN
  980 7729     0     0  con   12  1.8D+00  5.4D-01  6.966D-05        NaN
  981 7739     0     0  con    9  2.2D+00  3.7D-01  5.281D-05        NaN
  982 7752     0     0  con   12  2.6D-01  1.1D-01  5.227D-05        NaN
  983 7767     0     0  con   14  2.1D+00  3.0D-01  3.889D-05        NaN
  984 7773     0     0  con    5  1.3D+01  6.4D-01  3.361D-05        NaN
  985 7778     0     0  con    4  2.2D+00  1.4D-01  4.444D-05        NaN
  986 7788     0     0  con    9  1.2D+00  1.8D-01  3.803D-05        NaN
  987 7793     0     0  con    4  1.2D+00  8.5D-02  4.951D-05        NaN
  988 7811     0     0  con   17  5.7D+00  9.8D-02  2.929D-05        NaN
  989 7816     0     0  con    4  2.7D+00  2.7D-01  2.945D-05        NaN
  990 7825     0     0  con    8  8.9D-01  2.4D-01  3.830D-05        NaN
  991 7829     0     0  con    3  1.1D+00  4.1D-02  3.721D-05        NaN
  992 7833     0     0  con    3  4.5D+00  5.8D-02  4.713D-05        NaN
  993 7837     0     0  con    3  1.1D+00  2.3D-02  6.788D-05        NaN
  994 7852     0     0  con   14  5.6D+00  1.2D+00  7.700D-05        NaN
  995 7867     0     0  con   14  1.8D+00  5.5D-01  4.643D-05        NaN
  996 7882     0     0  con   14  1.8D+00  3.4D-01  3.742D-05        NaN
  997 7886     0     0  con    3  7.4D-01  2.4D-01  3.974D-05        NaN
  998 7890     0     0  con    3  4.4D-01  5.9D-02  3.659D-05        NaN
  999 7905     0     0  con   14  1.9D+00  4.7D-02  5.001D-05        NaN
 1000 7910     0     0  con    4  2.4D+00  7.8D-02  3.429D-05        NaN
 1001 7915     0     0  con    4  1.6D+00  3.7D-01  3.071D-05        NaN
 1002 7919     0     0  con    3  1.1D+00  5.6D-02  3.864D-05        NaN
 1003 7925     0     0  con    5  3.1D+00  1.1D-01  4.836D-05        NaN
 1004 7940     0     0  con   14  2.1D+00  3.3D-01  3.591D-05        NaN
 1005 7945     0     0  con    4  4.8D-01  4.9D-02  4.972D-05        NaN
 1006 7950     0     0  con    4  1.7D+00  1.1D-01  5.991D-05        NaN
 1007 7955     0     0  con    4  3.1D+00  1.0D-01  6.621D-05        NaN
 1008 7960     0     0  con    4  7.3D-01  3.9D-01  5.976D-05        NaN
 1009 7965     0     0  con    4  4.5D+00  1.1D+00  8.220D-05        NaN
 1010 7969     0     0  con    3  6.6D-01  5.2D-01  6.206D-05        NaN
 1011 7982     0     0  con   12  1.9D+00  4.2D-01  6.696D-05        NaN
 1012 7988     0     0  con    5  2.8D+00  6.5D-01  6.270D-05        NaN
 1013 7993     0     0  con    4  1.7D+00  1.2D-01  7.393D-05        NaN
 1014 8009     0     0  con   15  8.3D+00  3.4D-01  1.058D-04        NaN
 1015 8026     0     0  con   16  1.0D+00  5.1D-01  7.037D-05        NaN
 1016 8032     0     0  con    5  1.6D+00  2.7D-01  7.113D-05        NaN
 1017 8036     0     0  con    3  1.9D-01  4.8D-02  7.997D-05        NaN
 1018 8042     0     0  con    5  3.6D+00  1.5D-01  9.445D-05        NaN
 1019 8053     0     0  con   10  1.5D+00  5.0D-02  5.802D-05        NaN
 1020 8058     0     0  con    4  1.3D+00  1.9D-01  6.672D-05        NaN
 1021 8063     0     0  con    4  7.5D-01  1.3D-01  7.412D-05        NaN
 1022 8069     0     0  con    5  2.5D+00  1.7D-01  4.928D-05        NaN
 1023 8075     0     0  con    5  2.9D+00  1.3D-01  4.059D-05        NaN
 1024 8081     0     0  con    5  3.4D+00  3.0D-01  6.925D-05        NaN
 1025 8094     0     0  con   12  1.1D+00  3.4D-01  4.284D-05        NaN
 1026 8105     0     0  con   10  1.0D+00  1.5D-01  3.734D-05        NaN
 1027 8119     0     0  con   13  6.1D+00  8.3D-01  5.115D-05        NaN
 1028 8124     0     0  con    4  5.6D-01  1.9D-01  8.459D-05        NaN
 1029 8129     0     0  con    4  2.6D+00  3.4D-01  6.215D-05        NaN
 1030 8134     0     0  con    4  2.4D+00  7.7D-01  4.823D-05        NaN
 1031 8150     0     0  con   15  1.2D+00  7.2D-01  7.770D-05        NaN
 1032 8155     0     0  con    4  2.3D+00  5.4D-01  5.513D-05        NaN
 1033 8171     0     0  con   15  1.8D+00  6.0D-01  4.517D-05        NaN
 1034 8176     0     0  con    4  5.5D+00  3.7D-01  3.669D-05        NaN
 1035 8194     0     0  con   17  6.0D+00  1.1D+00  3.098D-05        NaN
 1036 8199     0     0  con    4  2.2D+00  6.2D-01  3.878D-05        NaN
 1037 8213     0     0  con   13  2.0D+00  5.4D-02  3.928D-05        NaN
 1038 8218     0     0  con    4  1.8D+00  5.1D-01  4.296D-05        NaN
 1039 8222     0     0  con    3  9.1D-01  3.1D-01  5.711D-05        NaN
 1040 8227     0     0  con    4  5.0D+00  6.0D-01  3.934D-05        NaN
 1041 8233     0     0  con    5  3.0D+00  3.0D-01  9.155D-05        NaN
 1042 8247     0     0  con   13  6.9D+00  5.0D-01  6.052D-05        NaN
 1043 8258     0     0  con   10  2.4D-01  5.9D-01  7.635D-05        NaN
 1044 8262     0     0  con    3  6.1D-01  1.7D+00  1.017D-04        NaN
 1045 8295     1     0  ---   12  2.3D+00  1.2D-03  9.385D-05        NaN
 1046 8310     0     0  con   14  5.9D+00  4.5D-03  5.636D-05        NaN
 1047 8315     0     0  con    4  3.0D+00  5.7D-03  5.619D-05        NaN
 1048 8319     0     0  con    3  4.8D+00  1.3D-02  2.393D-05        NaN
 1049 8332     0     0  con   12  1.8D+00  1.4D-02  6.780D-05        NaN
 1050 8347     0     0  con   14  2.2D+00  1.9D-02  3.305D-05        NaN
 1051 8354     0     0  con    6  4.7D+00  1.4D-02  7.956D-05        NaN
 1052 8360     0     0  con    5  4.1D+00  3.9D-02  4.645D-05        NaN
 1053 8377     0     0  con   16  5.7D+00  5.8D-02  7.805D-05        NaN
 1054 8383     0     0  con    5  2.4D+00  4.0D-02  1.070D-04        NaN
 1055 8398     0     0  con   14  6.2D+00  1.2D-01  1.657D-04        NaN
 1056 8402     0     0  con    3  7.2D-01  7.3D-02  1.034D-04        NaN
 1057 8420     0     0  con   17  1.4D+00  1.3D-01  6.078D-05        NaN
 1058 8426     0     0  con    5  2.5D+00  1.6D-02  5.016D-05        NaN
 1059 8439     0     0  con   12  1.8D+00  3.4D-02  4.906D-05        NaN
 1060 8449     0     0  con    9  2.2D+01  2.1D-02  5.346D-05        NaN
 1061 8455     0     0  con    5  3.4D+00  1.4D-01  4.531D-05        NaN
 1062 8458     0     0  con    2  1.0D+00  2.0D-02  5.301D-05        NaN
 1063 8472     0     0  con   13  6.1D+00  6.0D-02  8.747D-05        NaN
 1064 8486     0     0  con   13  1.2D+00  3.3D-02  6.031D-05        NaN
 1065 8500     0     0  con   13  1.9D+00  5.6D-02  4.590D-05        NaN
 1066 8505     0     0  con    4  2.5D+00  2.0D-02  5.337D-05        NaN
 1067 8510     0     0  con    4  8.8D-01  4.2D-02  3.270D-05        NaN
 1068 8514     0     0  con    3  4.5D-01  2.3D-02  3.142D-05        NaN
 1069 8518     0     0  con    3  7.8D-01  9.1D-03  3.324D-05        NaN
 1070 8532     0     0  con   13  2.3D+00  2.7D-02  3.394D-05        NaN
 1071 8537     0     0  con    4  2.9D+00  2.2D-02  5.748D-05        NaN
 1072 8543     0     0  con    5  7.4D+00  8.7D-02  4.430D-05        NaN
 1073 8547     0     0  con    3  9.2D-01  2.4D-02  3.196D-05        NaN
 1074 8553     0     0  con    5  3.3D+00  4.4D-02  4.907D-05        NaN
 1075 8558     0     0  con    4  2.6D+00  1.2D-01  1.951D-05        NaN
 1076 8562     0     0  con    3  1.1D-01  1.4D-02  2.181D-05        NaN
 1077 8567     0     0  con    4  3.9D+00  1.4D-02  2.449D-05        NaN
 1078 8572     0     0  con    4  2.5D+00  2.1D-02  2.348D-05        NaN
 1079 8577     0     0  con    4  3.6D+00  1.3D-02  2.669D-05        NaN
 1080 8582     0     0  con    4  3.8D+00  9.9D-03  3.296D-05        NaN
 1081 8588     0     0  con    5  3.0D+00  1.8D-02  3.706D-05        NaN
 1082 8603     0     0  con   14  5.8D+00  4.3D-02  3.438D-05        NaN
 1083 8608     0     0  con    4  3.0D+00  3.2D-02  2.845D-05        NaN
 1084 8612     0     0  con    3  7.6D-01  4.8D-02  3.262D-05        NaN
 1085 8617     0     0  con    4  1.8D+00  2.3D-02  2.308D-05        NaN
 1086 8622     0     0  con    4  3.0D+00  1.9D-02  3.298D-05        NaN
 1087 8627     0     0  con    4  3.3D+00  3.4D-02  1.627D-05        NaN
 1088 8636     0     0  con    8  3.2D-01  7.6D-03  1.858D-05        NaN
 1089 8641     0     0  con    4  4.4D+00  1.1D-02  1.468D-05        NaN
 1090 8645     0     0  con    3  4.8D+00  4.2D-02  2.674D-05        NaN
 1091 8652     0     0  con    6  4.9D-01  1.0D-02  1.478D-05        NaN
 1092 8655     0     0  con    2  9.6D-01  1.4D-02  1.708D-05        NaN
 1093 8664     0     0  con    8  9.7D+00  3.1D-02  3.298D-05        NaN
 1094 8678     0     0  con   13  5.8D+00  4.7D-02  2.609D-05        NaN
 1095 8688     0     0  con    9  1.9D+00  2.6D-02  2.704D-05        NaN
 1096 8703     0     0  con   14  2.5D+00  4.2D-02  3.479D-05        NaN
 1097 8709     0     0  con    5  3.4D+00  5.6D-02  3.842D-05        NaN
 1098 8719     0     0  con    9  1.4D+00  7.7D-02  4.172D-05        NaN
 1099 8735     0     0  con   15  2.2D-01  2.1D-02  4.796D-05        NaN
 1100 8739     0     0  con    3  9.0D-01  6.3D-02  5.326D-05        NaN
 1101 8757     0     0  con   17  1.4D+00  1.0D-01  3.439D-05        NaN
 1102 8763     0     0  con    5  2.8D+00  5.9D-02  3.423D-05        NaN
 1103 8766     0     0  con    2  9.3D-01  4.4D-02  2.748D-05        NaN
 1104 8780     0     0  con   13  1.9D+00  4.8D-02  3.735D-05        NaN
 1105 8784     0     0  con    3  7.5D-01  2.0D-02  3.960D-05        NaN
 1106 8789     0     0  con    4  6.6D-01  5.6D-02  4.745D-05        NaN
 1107 8794     0     0  con    4  7.3D-01  2.4D-02  4.348D-05        NaN
 1108 8799     0     0  con    4  1.7D+00  2.2D-02  3.806D-05        NaN
 1109 8804     0     0  con    4  3.8D+00  2.7D-02  3.623D-05        NaN
 1110 8810     0     0  con    5  3.3D+00  6.7D-02  3.011D-05        NaN
 1111 8821     0     0  con   10  1.4D+00  1.1D-01  2.736D-05        NaN
 1112 8827     0     0  con    5  2.4D+00  3.3D-02  2.820D-05        NaN
 1113 8840     0     0  con   12  1.1D+00  2.1D-02  3.088D-05        NaN
 1114 8850     0     0  con    9  3.1D-01  3.1D-03  3.107D-05        NaN
 1115 8856     0     0  con    5  4.2D+00  3.2D-02  3.014D-05        NaN
 1116 8863     0     0  con    6  8.7D+00  4.6D-02  3.168D-05        NaN
 1117 8873     0     0  con    9  2.2D+00  1.4D-01  3.910D-05        NaN
 1118 8876     0     0  con    2  9.9D-01  1.0D-01  4.003D-05        NaN
 1119 8890     0     0  con   13  1.8D+00  6.1D-02  4.653D-05        NaN
 1120 8907     0     0  con   16  1.6D+00  5.2D-02  5.044D-05        NaN
 1121 8912     0     0  con    4  2.0D+00  2.3D-02  4.449D-05        NaN
 1122 8916     0     0  con    3  8.0D-01  9.8D-02  5.792D-05        NaN
 1123 8922     0     0  con    5  2.5D+00  2.4D-01  1.106D-04        NaN
 1124 8928     0     0  con    5  3.2D+00  2.3D-01  4.094D-05        NaN
 1125 8932     0     0  con    3  5.4D-01  1.5D-02  2.797D-05        NaN
 1126 8937     0     0  con    4  1.5D+00  3.2D-02  3.268D-05        NaN
 1127 8948     0     0  con   10  2.1D+00  5.6D-02  2.920D-05        NaN
 1128 8953     0     0  con    4  3.7D+00  1.4D-02  2.655D-05        NaN
 1129 8957     0     0  con    3  4.6D+00  1.1D-01  1.658D-05        NaN
 1130 8961     0     0  con    3  4.1D-01  2.2D-02  1.465D-05        NaN
 1131 8974     0     0  con   12  1.4D+00  2.8D-02  1.648D-05        NaN
 1132 8979     0     0  con    4  1.3D+00  3.7D-02  1.297D-05        NaN
 1133 8983     0     0  con    3  8.6D-01  1.4D-02  1.158D-05        NaN
 1134 8994     0     0  con   10  2.3D+00  5.1D-02  1.433D-05        NaN
 1135 9002     0     0  con    7  3.0D+00  3.4D-02  1.457D-05        NaN
 1136 9008     0     0  con    5  5.7D+00  2.1D-02  1.279D-05        NaN
 1137 9014     0     0  con    5  6.1D+00  4.6D-02  1.347D-05        NaN
 1138 9018     0     0  con    3  5.1D-01  2.2D-02  1.937D-05        NaN
 1139 9023     0     0  con    4  1.9D+00  3.1D-02  1.264D-05        NaN
 1140 9035     0     0  con   11  5.9D+00  8.4D-02  1.604D-05        NaN
 1141 9041     0     0  con    5  4.1D+00  1.6D-01  1.711D-05        NaN
 1142 9047     0     0  con    5  1.8D-01  4.4D-02  1.600D-05        NaN
 1143 9052     0     0  con    4  3.2D+00  4.7D-02  1.618D-05        NaN
 1144 9058     0     0  con    5  9.8D-01  3.7D-02  3.035D-05        NaN
 1145 9062     0     0  con    3  5.0D-01  1.8D-02  3.443D-05        NaN
 1146 9068     0     0  con    5  2.4D+00  1.5D-02  3.898D-05        NaN
 1147 9083     0     0  con   14  7.5D+00  1.1D-01  3.004D-05        NaN
 1148 9098     0     0  con   14  2.5D+00  1.0D-01  4.010D-05        NaN
 1149 9116     0     0  con   17  1.3D+00  8.2D-02  2.489D-05        NaN
 1150 9120     0     0  con    3  6.9D-01  1.4D-02  1.957D-05        NaN
 1151 9138     0     0  con   17  1.6D+00  6.0D-02  3.180D-05        NaN
 1152 9149     0     0  con   10  1.2D+00  3.1D-02  3.144D-05        NaN
 1153 9155     0     0  con    5  2.8D+00  2.7D-02  2.767D-05        NaN
 1154 9160     0     0  con    4  5.4D-01  1.3D-02  2.427D-05        NaN
 1155 9164     0     0  con    3  1.1D+00  3.1D-02  2.101D-05        NaN
 1156 9168     0     0  con    3  6.5D-01  2.4D-02  2.076D-05        NaN
 1157 9174     0     0  con    5  3.8D+00  4.8D-02  2.412D-05        NaN
 1158 9179     0     0  con    4  3.2D+00  6.6D-02  4.104D-05        NaN
 1159 9185     0     0  con    5  3.7D+00  7.9D-02  2.367D-05        NaN
 1160 9195     0     0  con    9  1.4D+00  8.7D-02  2.158D-05        NaN
 1161 9212     0     0  con   16  1.2D+00  6.2D-02  3.058D-05        NaN
 1162 9231     0     0  con   18  5.6D+00  1.3D-01  1.858D-05        NaN
 1163 9244     0     0  con   12  1.4D+00  1.4D-01  4.187D-05        NaN
 1164 9248     0     0  con    3  8.2D-01  1.1D-01  2.395D-05        NaN
 1165 9251     0     0  con    2  1.0D+00  1.7D-01  3.279D-05        NaN
 1166 9256     0     0  con    4  1.8D+00  1.7D-01  1.837D-05        NaN
 1167 9270     0     0  con   13  1.3D+00  3.2D-02  2.109D-05        NaN
 1168 9287     0     0  con   16  1.1D+00  7.2D-03  1.796D-05        NaN
 1169 9299     0     0  con   11  6.2D+00  5.9D-02  2.092D-05        NaN
 1170 9304     0     0  con    4  2.4D+00  1.5D-01  1.741D-05        NaN
 1171 9309     0     0  con    4  1.7D+00  8.1D-02  2.703D-05        NaN
 1172 9314     0     0  con    4  3.7D+00  4.5D-02  2.536D-05        NaN
 1173 9319     0     0  con    4  3.4D+00  3.7D-02  2.533D-05        NaN
 1174 9333     0     0  con   13  5.8D+00  4.9D-02  1.792D-05        NaN
 1175 9338     0     0  con    4  3.4D+00  4.8D-02  3.286D-05        NaN
 1176 9343     0     0  con    4  2.6D+00  7.7D-02  1.186D-05        NaN
 1177 9348     0     0  con    4  4.3D+00  4.2D-02  1.049D-05        NaN
 1178 9362     0     0  con   13  1.0D+00  3.0D-02  1.308D-05        NaN
 1179 9375     0     0  con   12  1.0D+00  1.4D-02  1.128D-05        NaN
 1180 9380     0     0  con    4  3.7D+00  5.9D-03  1.145D-05        NaN
 1181 9386     0     0  con    5  8.1D+00  9.8D-02  2.888D-05        NaN
 1182 9396     0     0  con    9  1.4D+00  5.7D-02  3.711D-05        NaN
 1183 9407     0     0  con   10  1.1D+00  7.2D-02  2.200D-05        NaN
 1184 9418     0     0  con   10  8.7D+00  2.4D-01  2.206D-05        NaN
 1185 9423     0     0  con    4  8.9D-01  7.6D-02  2.718D-05        NaN
 1186 9437     0     0  con   13  1.2D+00  1.3D-01  3.775D-05        NaN
 1187 9443     0     0  con    5  7.2D+00  2.9D-01  4.140D-05        NaN
 1188 9453     0     0  con    9  2.0D+00  1.6D-01  4.248D-05        NaN
 1189 9457     0     0  con    3  6.2D-01  8.6D-02  2.691D-05        NaN
 1190 9462     0     0  con    4  2.4D+00  1.8D-01  2.899D-05        NaN
 1191 9467     0     0  con    4  5.0D+00  3.1D-01  2.834D-05        NaN
 1192 9471     0     0  con    3  9.4D-01  4.4D-02  1.778D-05        NaN
 1193 9476     0     0  con    4  1.5D+00  6.9D-02  1.879D-05        NaN
 1194 9486     0     0  con    9  1.4D+00  7.2D-03  2.053D-05        NaN
 1195 9497     0     0  con   10  1.8D+00  7.5D-02  1.418D-05        NaN
 1196 9502     0     0  con    4  4.7D+00  8.6D-02  2.574D-05        NaN
 1197 9516     0     0  con   13  1.2D+00  2.5D-02  2.520D-05        NaN
 1198 9526     0     0  con    9  1.7D+00  8.9D-02  1.208D-05        NaN
 1199 9531     0     0  con    4  3.2D+00  7.2D-02  9.488D-06        NaN

CONVERGENCE: NORM_OF_PROJECTED_GRADIENT_<=_PGTOL            

 Total User time 0.000E+00 seconds.

